! 0000 202 01 99 08 1157;
01 3799 748;
02 5 5;
03 1738 210;
04 2056 533;
! 0000 202 01 99 08 1180;
01 836 233;
02 45 32;
03 741 167;
04 50 34;
! 0000 202 01 99 08 1137;
01 491 247;
02 113 65;
03 275 123;
04 103 59;
! 0000 202 01 99 08 1153;
01 1308 360;
02 4 4;
04 1304 356;
! 0000 202 01 99 08 1175;
01 465 162;
02 27 3;
03 64 31;
04 374 128;
! 0000 202 01 99 08 171;
01 411 124;
02 92 53;
03 145 67;
04 202 65;
! 0000 202 01 99 08 1171;
01 348 101;
02 7 6;
03 89 28;
04 238 66;
! 0000 202 01 99 08 157;
01 3 2;
02 3 2;
! 0000 202 01 99 08 176;
01 84 33;
02 29 8;
03 16 11;
04 39 14;
! 0000 202 01 99 08 9000;
01 13 1;
02 1 1;
03 11 0;
04 1 0;
! 0000 202 01 99 08 111;
01 142 10;
03 88 5;
04 54 5;
! 0000 202 01 99 08 1198;
01 393 185;
02 14 10;
03 8 8;
04 371 167;
! 0000 202 01 99 08 1177;
01 181 34;
02 142 19;
03 16 2;
04 23 13;
! 0000 202 01 99 08 9998;
01 100 75;
02 83 61;
03 17 14;
! 0000 202 01 99 08 1185;
01 324 62;
02 79 62;
03 245 0;
! 0000 202 01 99 08 130;
01 20 2;
03 16 2;
04 4 0;
! 0000 202 01 99 08 1160;
01 1494 453;
02 443 84;
03 461 144;
04 590 225;
! 0000 202 01 99 08 1182;
01 387 310;
02 11 11;
03 376 199;
! 0000 202 01 99 08 1197;
01 69 12;
03 59 6;
04 10 6;
! 0000 202 01 99 08 1184;
01 174 14;
03 151 2;
04 23 12;
! 0000 202 01 99 08 1144;
01 29 19;
02 4 0;
03 20 11;
04 5 8;
! 0000 202 01 99 08 1161;
01 942 295;
02 6 6;
03 661 216;
04 275 73;
! 0000 202 01 99 08 1129;
01 350 95;
03 189 53;
04 161 42;
! 0000 202 01 99 08 1114;
01 656 100;
02 7 6;
03 544 67;
04 105 27;
! 0000 202 01 99 08 1124;
01 32 11;
02 32 11;
03 14 5;
04 18 6;
! 0000 202 01 99 08 1117;
01 1405 291;
02 2 2;
03 473 116;
04 930 173;
! 0000 202 01 99 08 1149;
01 451 271;
02 7 7;
04 7 7;
! 0000 202 01 99 08 1168;
01 4 4;
02 4 4;
03 3 3;
04 1 1;
! 0000 202 01 99 08 1112;
01 523 483;
02 11 7;
03 338 390;
04 174 86;
! 0000 202 01 99 08 1111;
01 187 98;
02 61 34;
03 20 17;
04 41 17;
! 0000 202 01 99 08 1105;
01 1105 287;
02 2 2;
03 246 52;
04 857 233;
! 0000 202 01 99 08 1142;
01 182 42;
03 128 28;
04 54 14;
! 0000 202 01 99 08 125;
01 487 75;
02 23 3;
03 10 3;
04 454 69;
! 0000 202 01 99 08 1173;
01 539 177;
02 94 55;
03 381 106;
04 64 16;
! 0000 202 01 99 08 1176;
01 5 5;
02 5 5;
03 1 1;
04 4 4;
! 0000 202 01 99 08 1108;
01 386 113;
02 5 5;
03 1 1;
04 380 107;
! 0000 202 01 99 08 1125;
01 517 249;
02 7 7;
04 510 242;
! 0000 202 01 99 08 1147;
01 149 35;
02 9 1;
03 21 16;
04 125 18;
! 0000 202 01 99 08 1120;
01 1269 293;
02 22 13;
03 5 3;
04 17 10;
! 0000 202 01 99 08 1195;
01 65 28;
03 43 21;
04 22 7;
! 0000 202 01 99 08 1101;
01 1034 361;
02 590 250;
03 88 30;
04 356 81;
! 0000 202 01 99 08 1119;
01 299 97;
02 172 9;
03 82 27;
04 32 30;
! 0000 202 01 99 08 1138;
01 2915 306;
02 35 18;
04 2880 288;
! 0000 202 01 99 08 1152;
01 307 236;
02 1 1;
04 307 236;
! 0000 202 01 99 08 1191;
01 950 108;
02 72 17;
03 866 89;
04 12 2;
! 0000 202 01 99 08 1194;
01 374 135;
02 4 4;
03 7 7;
04 4 4;
! 0000 202 01 99 08 1146;
01 1191 334;
02 13 13;
03 5 5;
04 8 8;
! 0000 202 01 99 08 1150;
01 561 141;
02 83 26;
03 134 54;
04 334 61;
! 0000 202 01 99 08 1158;
01 686 174;
02 40 13;
03 344 91;
04 302 70;
! 0000 202 01 99 08 1140;
01 723 450;
02 37 35;
03 218 126;
04 468 289;
! 0000 202 01 99 08 1193;
01 1079 57;
02 1 1;
03 50 16;
04 1028 40;
! 0000 202 01 99 08 1141;
01 1122 435;
02 6 5;
03 239 138;
04 877 292;
! 0000 202 01 99 08 1103;
01 2544 846;
02 116 47;
03 997 341;
04 1431 458;
! 0000 202 01 99 08 1118;
01 2198 554;
02 3 2;
03 1694 349;
04 501 203;
! 0000 202 01 99 08 1127;
01 287 97;
02 98 39;
03 51 19;
04 138 39;
! 0000 202 01 99 08 1122;
01 1246 341;
02 7 7;
03 909 193;
04 330 141;
! 0000 202 01 99 08 1128;
01 416 121;
02 17 7;
03 80 34;
04 319 80;
! 0000 202 01 99 08 1145;
01 218 92;
03 218 35;
! 0000 202 01 99 08 1186;
01 379 87;
02 4 4;
04 375 83;
! 0000 202 01 99 08 1190;
01 285 84;
02 51 19;
03 49 17;
04 36 26;
! 0000 202 01 99 08 1107;
01 3172 435;
02 25 12;
03 2377 248;
04 770 175;
! 0000 202 01 99 08 1115;
01 590 61;
02 12 12;
03 76 1;
04 502 48;
! 0000 202 01 99 08 1132;
01 318 198;
02 5 5;
03 50 29;
04 263 164;
! 0000 202 01 99 08 1163;
01 327 263;
02 107 70;
03 187 162;
04 33 31;
! 0000 202 01 99 08 1166;
01 235 170;
02 5 5;
03 83 74;
04 147 91;
! 0000 202 01 99 08 1170;
01 378 85;
03 33 20;
04 345 65;
! 0000 202 01 99 08 1178;
01 302 81;
02 1 1;
03 8 5;
04 292 75;
! 0000 202 01 99 08 1199;
01 214 65;
02 12 8;
04 202 57;
! 0000 202 01 99 08 172;
01 537 257;
02 3 3;
03 268 127;
04 266 127;
! 0000 202 01 99 08 1154;
01 206 85;
02 4 3;
03 123 58;
04 79 24;
! 0000 202 01 99 08 1133;
01 368 105;
02 22 22;
03 153 55;
04 193 28;
! 0000 202 01 99 08 1181;
01 257 128;
02 76 48;
03 134 60;
04 37 20;
! 0000 202 01 99 08 1188;
01 354 43;
02 1 1;
03 181 17;
04 172 25;
! 0000 202 01 99 08 1192;
01 902 168;
02 61 48;
03 414 39;
04 427 81;
! 0000 202 01 99 08 1134;
01 240 149;
! 0000 202 01 99 08 1164;
01 358 97;
03 46 9;
04 312 86;
! 0000 202 01 99 08 1169;
01 51 48;
02 3 3;
03 27 25;
04 48 45;
! 0000 202 01 99 08 1165;
01 1076 611;
03 151 72;
04 925 539;
! 0000 202 01 99 08 1136;
01 358 134;
02 81 35;
03 69 39;
04 208 60;
! 0000 202 01 99 08 1189;
01 386 109;
02 2 2;
03 354 98;
04 30 9;
! 0000 202 01 99 08 1187;
01 355 122;
02 1 1;
03 31 31;
04 323 90;
! 0000 202 01 99 08 1183;
01 67 37;
02 8 8;
03 4 4;
04 4 4;
! 0000 202 01 99 08 1110;
01 80 26;
02 2 2;
04 2 2;
! 0000 202 01 99 08 1179;
01 280 3;
02 3 3;
03 278 0;
04 2 0;
! 0000 202 01 99 08 1104;
01 809 0;
02 9 0;
03 97 0;
04 603 0;
! 0000 202 01 99 08 1130;
01 62 47;
02 36 34;
03 13 2;
04 13 11;
! 0000 202 01 99 08 1156;
01 1049 287;
02 93 36;
03 298 105;
04 682 171;
! 0000 202 01 99 08 104;
01 47 36;
! 0000 202 01 99 08 1174;
01 92 67;
02 54 28;
03 42 33;
04 50 32;
! 0000 202 01 99 08 1;
01 4780 1876;
02 435 148;
03 1094 470;
04 2742 940;
! 0000 202 01 99 08 2;
01 5709 1724;
02 76 45;
03 1764 563;
04 2495 613;
! 0000 202 01 99 08 3;
01 5822 891;
02 84 56;
03 879 160;
04 3638 412;
! 0000 202 01 99 08 4;
01 9595 2405;
02 862 291;
03 5695 1075;
04 2895 922;
! 0000 202 01 99 08 5;
01 8319 2676;
02 482 285;
03 5037 1559;
04 2824 857;
! 0000 202 01 99 08 6;
01 9648 2980;
02 303 177;
03 3478 832;
04 5522 1911;
! 0000 202 01 99 08 7;
01 5795 1609;
02 832 357;
03 801 252;
04 4028 995;
! 0000 202 01 99 08 8;
01 2828 875;
02 217 80;
03 366 87;
04 2169 684;
! 0000 202 01 99 08 1100;
01 52609 15112;
02 3375 1501;
03 19142 5012;
04 26314 7334;
! 0000 202 02 99 08 1157;
01 2089 0 6 216 1867 0;
02 513 0 0 32 481 0;
03 513 0 0 32 481 0;
04 105 0 0 4 101 0;
05 42 0 0 0 42 0;
06 20 0 0 0 20 0;
07 47 0 0 0 47 0;
08 299 0 0 28 271 0;
14 391 0 0 3 386 2;
15 19 0 0 0 19 0;
16 27 0 0 0 27 0;
17 76 0 0 0 76 0;
18 201 0 0 7 192 2;
19 59 0 0 0 59 0;
20 9 0 0 0 9 0;
21 24 0 0 0 24 0;
22 12 0 0 0 12 0;
23 6 1 5 0 0 0;
24 1 1 0 0 0 0;
25 329 1 0 1 323 4;
26 281 100 0 0 5 176;
27 108 100 0 0 0 8;
28 3838 0 0 2135 1666 37;
29 3838 0 0 2135 1666 37;
32 656 40 0 205 337 74;
33 99 40 0 0 3 56;
34 557 0 0 205 334 18;
35 557 0 0 205 334 18;
36 439 0 0 127 297 15;
38 35 0 0 0 35 0;
39 3 1 1 0 0 1;
40 2 1 0 0 0 1;
43 1 0 1 0 0 0;
45 5 1 0 1 2 1;
49 6613 0 0 6613 0 0;
50 1 1 0 0 0 0;
! 0000 202 02 99 08 1180;
01 709 4 4 18 624 59;
02 142 2 2 3 105 30;
03 149 3 2 4 113 27;
04 26 3 0 3 16 4;
05 21 0 0 1 12 8;
06 30 0 0 0 27 3;
07 54 0 2 0 43 9;
08 12 0 0 0 9 3;
09 6 0 0 0 6 0;
14 147 0 0 3 113 31;
15 12 0 0 0 8 4;
16 2 0 0 0 1 1;
17 19 0 0 0 17 2;
18 52 0 0 1 34 17;
19 36 0 0 2 28 6;
20 1 0 0 0 0 1;
21 5 0 0 1 4 0;
22 3 0 0 1 2 0;
23 4 0 0 0 4 0;
25 55 0 0 0 20 35;
26 26 0 0 0 15 11;
27 15 0 0 0 15 0;
28 1984 0 1 0 1766 217;
29 1759 0 0 0 1722 37;
30 35 0 0 0 20 15;
31 5 0 0 0 5 0;
32 625 0 0 2 466 157;
33 6 0 0 0 2 4;
34 619 0 0 2 464 153;
35 396 0 0 2 373 21;
36 240 0 0 0 235 5;
37 2 0 0 0 0 2;
38 245 0 0 2 229 14;
39 6 3 1 1 0 1;
40 1 0 0 1 0 0;
43 4 3 1 0 0 0;
44 1 0 0 0 0 1;
45 5 1 0 2 0 2;
47 1 1 0 0 0 0;
48 2639 152 0 0 0 2488;
49 636 0 241 350 45 0;
50 6 4 3 0 0 0;
! 0000 202 02 99 08 1137;
01 491 0 25 55 411 0;
02 247 0 2 13 232 0;
03 247 0 2 13 232 0;
04 4 0 0 2 2 0;
05 28 0 0 0 28 0;
06 2 0 0 0 2 0;
07 32 0 0 10 22 0;
08 41 0 1 1 39 0;
14 243 0 2 11 230 0;
15 28 0 0 0 28 0;
16 39 0 0 10 29 0;
17 102 0 1 0 101 0;
18 52 0 1 1 50 0;
20 22 0 0 0 22 0;
21 39 0 0 2 37 0;
22 2 0 0 2 0 0;
23 1 0 1 0 0 0;
25 247 0 2 12 233 0;
26 2 0 0 0 2 0;
28 729 0 104 502 123 0;
29 727 0 104 502 121 0;
32 215 0 31 164 20 0;
34 215 0 31 164 20 0;
35 214 0 31 164 19 0;
36 212 0 31 164 17 0;
39 2 0 0 1 1 0;
43 1 0 0 1 0 0;
44 1 0 0 0 1 0;
45 3 0 0 2 1 0;
46 2 0 0 1 1 0;
48 180 0 0 113 66 0;
49 213 0 0 126 88 0;
50 7 0 7 0 0 0;
! 0000 202 02 99 08 1153;
01 1220 0 2 21 1197 0;
02 325 0 1 3 321 0;
03 360 0 1 3 356 0;
04 4 0 0 1 3 0;
05 44 0 0 0 44 0;
06 16 0 0 0 16 0;
07 43 0 1 0 42 0;
08 72 0 0 0 72 0;
14 262 0 0 0 262 0;
15 13 0 0 0 13 0;
16 101 0 0 0 101 0;
17 38 0 0 0 38 0;
18 89 0 0 0 89 0;
19 21 0 0 0 21 0;
21 30 0 1 0 29 0;
22 21 0 1 0 20 0;
23 1 0 1 0 0 0;
24 1 0 1 0 0 0;
25 267 0 0 1 266 0;
26 1 0 0 0 1 0;
28 5027 0 0 0 5027 0;
29 4446 0 0 0 4446 0;
32 2800 0 0 0 2800 0;
33 1 0 0 0 1 0;
34 2799 0 0 0 2799 0;
35 2530 0 0 0 2530 0;
36 2158 0 0 0 2158 0;
39 5 0 0 1 4 0;
40 1 0 0 0 1 0;
43 1 0 0 1 0 0;
44 3 0 0 0 3 0;
45 2 0 0 1 1 0;
46 1 0 0 1 0 0;
48 553 0 0 510 44 0;
49 416 0 78 255 83 0;
50 1 1 0 0 0 0;
! 0000 202 02 99 08 1175;
01 465 0 2 8 452 3;
02 162 0 1 3 155 3;
03 164 0 2 3 156 3;
04 4 0 0 0 4 0;
05 15 0 0 2 13 0;
06 6 0 0 0 6 0;
07 21 0 0 1 20 0;
08 89 0 0 0 86 3;
09 27 0 0 0 27 0;
12 1 0 1 0 0 0;
14 136 0 0 1 130 5;
15 18 0 0 0 13 5;
16 21 0 0 1 20 0;
17 43 0 0 0 43 0;
18 46 0 0 0 46 0;
19 8 0 0 0 8 0;
21 200 60 1 2 137 0;
22 8 3 1 1 3 0;
23 2 1 0 1 0 0;
24 5 1 0 1 0 3;
25 55 20 0 1 27 7;
26 150 5 0 29 100 16;
28 1040 0 0 550 480 10;
29 795 0 0 550 245 0;
30 40 0 0 0 30 10;
31 40 0 0 0 30 10;
32 478 0 0 236 236 6;
33 57 0 0 11 40 6;
34 421 0 0 225 196 0;
35 362 0 0 225 137 0;
36 76 0 0 0 76 0;
38 11 0 0 2 9 0;
39 2 0 0 0 1 1;
40 2 0 0 0 1 1;
45 6 1 0 3 2 0;
46 5 1 0 2 2 0;
49 9090 240 8850 0 0 0;
50 4 2 2 0 0 0;
! 0000 202 02 99 08 171;
01 380 0 0 21 359 0;
02 140 0 0 16 124 0;
03 131 0 0 19 112 0;
04 27 0 0 4 23 0;
05 12 0 0 3 9 0;
08 75 0 0 9 66 0;
14 120 0 0 16 104 0;
20 8 0 0 1 7 0;
21 3 0 0 1 2 0;
22 1 0 0 0 1 0;
25 20 0 0 8 12 0;
28 1873 0 0 800 1073 0;
29 1800 0 0 800 1000 0;
32 1022 0 0 380 642 0;
34 1022 0 0 380 642 0;
35 920 0 0 380 540 0;
36 623 0 0 211 412 0;
38 274 0 0 44 230 0;
49 1836 0 0 0 1836 0;
! 0000 202 02 99 08 1171;
01 246 3 17 24 199 3;
02 75 2 3 7 61 2;
03 77 4 3 7 61 2;
04 6 0 2 2 1 1;
05 13 1 0 3 8 1;
07 6 0 0 0 6 0;
08 17 3 0 1 13 0;
14 61 0 0 2 59 0;
15 11 0 0 0 11 0;
16 12 0 0 0 12 0;
17 17 0 0 1 16 0;
18 10 0 0 1 9 0;
19 11 0 0 0 11 0;
21 8 0 1 2 5 0;
22 2 0 0 1 1 0;
25 27 0 0 8 19 0;
26 97 0 0 0 97 0;
28 1653 0 0 1363 290 0;
29 934 0 0 660 274 0;
32 1114 0 0 856 258 0;
33 116 0 0 0 116 0;
34 998 0 0 856 142 0;
35 416 0 0 291 125 0;
36 163 0 0 83 80 0;
38 80 0 0 80 0 0;
39 4 0 1 3 0 0;
40 3 0 0 3 0 0;
43 1 0 1 0 0 0;
45 1 0 0 1 0 0;
48 164 0 1 147 8 8;
49 1685 0 4 0 1681 0;
50 3 2 1 0 0 0;
! 0000 202 02 99 08 157;
01 3 0 0 2 1 0;
02 2 0 0 1 1 0;
03 2 0 0 1 1 0;
04 2 0 0 1 1 0;
14 16 0 0 1 15 0;
15 3 0 0 1 2 0;
16 1 0 0 0 0 1;
17 7 0 0 0 7 0;
18 2 0 0 0 2 0;
20 3 0 0 0 3 0;
28 58 0 0 0 57 1;
29 58 0 0 0 57 1;
32 1670 0 0 0 1670 0;
33 1000 0 0 0 1000 0;
34 670 0 0 0 670 0;
35 670 0 0 0 670 0;
36 640 0 0 0 640 0;
39 1 0 0 1 0 0;
43 1 0 0 1 0 0;
48 189 0 0 189 0 0;
! 0000 202 02 99 08 176;
01 33 0 0 0 33 0;
02 33 0 0 0 33 0;
03 33 0 0 0 33 0;
04 24 0 0 0 24 0;
05 4 0 0 0 4 0;
07 2 0 0 0 2 0;
08 3 0 0 0 3 0;
14 33 0 0 0 33 0;
17 30 0 0 0 30 0;
18 3 0 0 0 3 0;
25 10 0 0 0 10 0;
26 212 0 0 0 212 0;
28 34 0 0 0 34 0;
29 33 0 0 0 33 0;
32 297 0 0 0 297 0;
33 287 0 0 0 287 0;
34 10 0 0 0 10 0;
35 9 0 0 0 9 0;
49 2 0 0 0 2 0;
! 0000 202 02 99 08 9000;
01 11 0 3 8 0 0;
02 1 0 1 0 0 0;
03 2 0 1 1 0 0;
04 1 0 1 0 0 0;
08 1 0 0 1 0 0;
28 15000 0 0 15000 0 0;
29 13500 0 0 13500 0 0;
32 6000 0 0 6000 0 0;
34 2000 0 0 2000 0 0;
35 2000 0 0 2000 0 0;
39 1 0 1 0 0 0;
43 1 0 1 0 0 0;
48 4732 0 4732 0 0 0;
49 4732 0 4732 0 0 0;
! 0000 202 02 99 08 111;
01 142 0 0 0 142 0;
02 10 0 0 0 10 0;
03 10 0 0 0 10 0;
05 1 0 0 0 1 0;
14 9 0 0 0 9 0;
17 8 0 0 0 8 0;
19 1 0 0 0 1 0;
! 0000 202 02 99 08 1198;
01 350 0 9 30 285 26;
02 164 0 1 14 137 12;
03 153 0 0 10 129 14;
04 12 0 0 3 9 0;
05 55 0 0 2 49 4;
06 1 0 0 0 1 0;
07 13 0 0 0 13 0;
08 34 0 0 4 30 0;
14 138 0 0 11 115 12;
15 49 0 0 4 42 3;
16 26 0 0 1 21 4;
17 28 0 0 2 21 5;
18 29 0 0 4 25 0;
19 4 0 0 0 4 0;
20 2 0 0 0 2 0;
21 13 0 0 3 10 0;
22 1 0 0 1 0 0;
23 2 0 0 0 1 1;
25 57 0 0 5 44 8;
28 10839 0 0 6130 3933 776;
29 10146 0 0 6064 3926 156;
30 10 0 0 0 4 6;
31 10 0 0 0 4 6;
32 4884 0 0 2230 2333 321;
34 4884 0 0 2230 2333 321;
35 4595 0 0 2197 2328 70;
36 1652 0 0 1541 65 46;
38 52 0 0 0 3 49;
39 9 0 0 2 4 3;
40 4 0 0 1 0 3;
41 1 0 0 1 0 0;
43 4 0 0 0 4 0;
45 8 0 0 2 6 0;
47 4 0 0 0 4 0;
48 840 0 0 58 457 325;
49 357 0 0 57 98 202;
50 3 0 2 1 0 0;
! 0000 202 02 99 08 1177;
01 145 0 11 7 123 4;
02 29 0 2 1 26 0;
03 35 0 1 3 29 2;
04 18 0 1 1 16 0;
05 8 0 0 2 5 1;
08 3 0 0 0 3 0;
14 25 0 1 1 23 0;
17 22 0 1 1 20 0;
18 2 0 0 0 2 0;
19 1 0 0 0 1 0;
24 1 0 0 1 0 0;
25 22 0 1 1 18 2;
26 41 0 41 0 0 0;
28 955 0 189 660 82 24;
29 286 0 189 0 77 20;
32 1097 0 201 800 90 6;
33 78 0 72 0 6 0;
34 1019 0 129 800 84 6;
35 80 0 0 0 78 2;
36 1 0 0 0 1 0;
39 1 0 0 1 0 0;
44 1 0 0 1 0 0;
45 1 0 0 1 0 0;
46 1 0 0 1 0 0;
48 859 0 0 800 59 0;
49 14 0 0 0 14 0;
50 6 0 6 0 0 0;
! 0000 202 02 99 08 9998;
01 100 0 0 0 100 0;
02 75 0 0 0 75 0;
03 75 0 0 0 75 0;
04 73 0 0 0 73 0;
05 2 0 0 0 2 0;
14 75 0 0 0 75 0;
15 2 0 0 0 2 0;
16 5 0 0 0 5 0;
17 1 0 0 0 1 0;
18 1 0 0 0 1 0;
19 66 0 0 0 66 0;
32 28 0 0 0 28 0;
34 28 0 0 0 28 0;
35 5 0 0 0 5 0;
38 3 0 0 0 3 0;
49 6 0 0 0 6 0;
! 0000 202 02 99 08 1185;
01 324 0 3 0 321 0;
02 62 0 0 0 62 0;
03 62 0 0 0 62 0;
04 39 0 0 0 39 0;
05 8 0 0 0 8 0;
06 3 0 0 0 3 0;
07 3 0 0 0 3 0;
14 20 0 0 0 20 0;
15 2 0 0 0 2 0;
16 4 0 0 0 4 0;
18 18 9 0 0 9 0;
19 1 0 0 0 1 0;
25 3 0 0 0 3 0;
28 541 0 0 0 541 0;
29 541 0 0 0 541 0;
32 20 0 0 0 20 0;
39 2 0 0 1 0 1;
40 1 0 0 0 0 1;
44 1 0 0 1 0 0;
45 2 0 0 0 0 2;
! 0000 202 02 99 08 130;
01 25 0 9 0 11 5;
02 2 0 0 0 2 0;
03 1 0 0 0 1 0;
05 1 0 0 0 1 0;
28 50 0 0 0 50 0;
29 50 0 0 0 50 0;
32 45 0 0 0 45 0;
34 45 0 0 0 45 0;
35 45 0 0 0 45 0;
49 20 0 0 0 20 0;
50 1 0 1 0 0 0;
! 0000 202 02 99 08 1160;
01 1461 7 101 148 1142 63;
02 448 2 16 40 363 27;
03 459 2 15 33 380 29;
04 87 2 7 6 72 0;
05 100 0 6 4 62 28;
06 11 0 0 0 11 0;
07 142 0 0 4 137 1;
08 117 0 0 19 98 0;
11 1 0 1 0 0 0;
12 1 0 1 0 0 0;
14 398 5 2 24 339 28;
15 93 0 2 1 62 28;
16 11 0 0 0 11 0;
17 38 0 0 3 35 0;
18 158 5 0 18 135 0;
19 28 0 0 2 26 0;
20 70 0 0 0 70 0;
21 100 0 5 33 54 8;
22 36 0 2 5 21 8;
23 12 0 11 0 0 1;
24 12 2 9 0 0 1;
25 301 6 60 73 153 9;
26 7280 0 70 0 0 7210;
27 10 0 0 0 0 10;
28 55410 0 25935 19581 9797 97;
29 21777 0 7655 4909 9179 34;
30 155 0 57 0 31 67;
31 125 0 57 0 31 37;
32 15885 0 4340 4949 5844 752;
33 742 0 20 0 0 722;
34 15143 0 4320 4949 5844 30;
35 10206 0 2893 3598 3700 15;
36 7448 0 2693 3298 1456 1;
38 4423 0 1 20 4388 14;
39 5 0 4 1 0 0;
40 3 0 3 0 0 0;
43 2 0 1 1 0 0;
45 4 0 1 0 2 1;
48 1007 0 913 0 94 0;
49 2541 718 1556 203 57 7;
50 5 2 2 1 0 0;
! 0000 202 02 99 08 1182;
01 387 1 19 12 355 0;
02 310 1 15 12 282 0;
03 310 1 15 12 282 0;
04 16 1 10 4 1 0;
05 39 0 3 6 30 0;
06 17 0 0 0 17 0;
07 98 0 0 0 98 0;
08 12 0 0 0 12 0;
12 1 0 1 0 0 0;
14 265 1 2 0 262 0;
15 36 0 0 0 36 0;
16 21 0 0 0 21 0;
17 96 0 0 1 95 0;
18 54 0 0 0 54 0;
19 30 1 2 0 27 0;
21 2 0 2 0 0 0;
23 3 0 3 0 0 0;
24 2 0 1 1 0 0;
25 122 0 6 12 104 0;
26 244 0 240 0 4 0;
27 30 0 30 0 0 0;
28 4895 0 475 3548 872 0;
29 2402 0 111 1515 776 0;
30 60 0 60 0 0 0;
31 56 0 56 0 0 0;
32 1559 0 345 1043 171 0;
33 72 0 63 9 0 0;
34 1486 0 281 1034 171 0;
35 947 0 232 562 153 0;
36 73 0 1 36 36 0;
39 42 0 8 11 23 0;
40 27 0 6 9 12 0;
41 10 0 0 0 10 0;
43 4 0 2 2 0 0;
44 1 0 0 0 1 0;
45 15 1 6 6 2 0;
46 1 0 1 0 0 0;
47 6 1 5 0 0 0;
48 4413 0 2863 1550 0 0;
49 3192 0 3180 10 2 0;
50 6 1 2 0 0 3;
! 0000 202 02 99 08 1197;
01 69 4 6 12 46 1;
02 12 0 0 2 9 1;
03 12 0 0 2 9 1;
05 5 0 0 0 4 1;
07 7 0 0 2 5 0;
14 7 0 0 0 7 0;
15 5 0 0 0 5 0;
19 1 0 0 0 1 0;
20 1 0 0 0 1 0;
21 1 0 0 0 1 0;
22 1 0 0 0 1 0;
23 3 0 0 0 0 3;
24 3 0 0 0 0 3;
25 15 0 0 0 3 12;
26 1818 0 0 0 0 1818;
28 1043 0 0 0 3 1040;
29 6 0 0 0 3 3;
30 37 0 0 0 0 37;
31 37 0 0 0 0 37;
32 1145 0 0 0 1 1144;
33 727 0 0 0 0 727;
34 418 0 0 0 1 417;
35 16 0 0 0 1 15;
45 4 0 0 0 0 4;
! 0000 202 02 99 08 1184;
01 174 0 6 10 154 4;
03 16 0 2 7 6 1;
04 2 0 0 1 1 0;
05 8 0 0 5 2 1;
07 2 0 0 1 1 0;
12 2 0 2 0 0 0;
14 7 0 0 0 6 1;
15 1 0 0 0 0 1;
16 4 0 0 0 4 0;
17 1 0 0 0 1 0;
18 1 0 0 0 1 0;
25 5 0 0 0 4 1;
26 12 0 12 0 0 0;
28 53 0 0 0 52 1;
29 52 0 0 0 52 0;
30 13 0 0 0 12 1;
31 13 0 0 0 12 1;
32 47 0 0 0 39 8;
34 25 0 0 0 17 8;
35 23 0 0 0 17 6;
39 1 0 0 0 0 1;
40 1 0 0 0 0 1;
45 2 2 0 0 0 0;
48 76 0 0 0 76 0;
50 2 0 0 0 0 0;
! 0000 202 02 99 08 1144;
01 68 1 2 19 46 0;
02 22 0 0 3 19 0;
03 22 0 0 3 19 0;
05 6 0 0 0 6 0;
07 8 0 0 1 7 0;
08 8 0 0 2 6 0;
14 10 0 0 0 10 0;
18 5 0 0 0 5 0;
19 5 0 0 0 5 0;
21 1 0 0 0 1 0;
22 1 0 0 0 1 0;
25 17 0 0 1 16 0;
28 1581 0 0 1155 426 0;
29 974 0 0 945 29 0;
32 255 0 0 103 152 0;
34 255 0 0 103 152 0;
35 20 0 0 0 20 0;
38 129 0 0 103 26 0;
50 1 1 0 0 0 0;
! 0000 202 02 99 08 1161;
01 944 21 12 8 901 2;
02 295 3 3 4 283 2;
03 296 4 3 4 283 2;
04 212 3 3 1 205 0;
05 21 0 0 0 19 2;
06 1 0 0 0 1 0;
07 16 0 0 0 16 0;
08 7 0 0 0 7 0;
11 1 1 0 0 0 0;
14 273 0 0 0 273 0;
15 5 0 0 0 5 0;
16 16 0 0 0 16 0;
17 3 0 0 0 3 0;
18 13 0 0 0 13 0;
19 31 0 0 0 31 0;
20 205 0 0 0 205 0;
21 26 3 0 0 23 0;
22 14 3 0 0 11 0;
23 1 0 1 0 0 0;
25 29 0 1 0 28 0;
26 15 0 0 0 0 15;
28 56 0 0 0 56 0;
29 48 0 0 0 48 0;
32 50 0 0 0 20 30;
33 30 0 0 0 0 30;
34 20 0 0 0 20 0;
35 15 0 0 0 15 0;
36 9 0 0 0 9 0;
38 11 0 0 0 11 0;
39 6 3 3 0 0 0;
43 6 3 3 0 0 0;
45 9 4 5 0 0 0;
46 5 2 3 0 0 0;
48 55165 20928 34237 0 0 0;
49 8586 4144 4409 0 33 0;
50 16 16 0 0 0 0;
! 0000 202 02 99 08 1129;
01 197 1 9 21 165 1;
02 66 0 1 4 60 1;
03 90 0 1 6 82 1;
04 74 0 1 3 70 0;
05 9 0 0 1 7 1;
06 1 0 0 0 1 0;
08 6 0 0 2 4 0;
14 28 0 0 2 26 0;
16 9 0 0 0 9 0;
18 2 0 0 2 0 0;
19 13 0 0 0 13 0;
20 4 0 0 0 4 0;
21 3 0 1 0 2 0;
22 1 0 1 0 0 0;
23 2 0 0 0 0 2;
25 31 0 0 3 26 2;
28 23480 0 0 9979 4763 8738;
29 8450 0 0 0 0 8450;
30 288 0 0 0 0 288;
31 288 0 0 0 0 288;
32 5660 0 0 1500 794 3366;
34 5660 0 0 1500 794 3366;
35 3366 0 0 0 0 3366;
38 233 0 0 0 233 0;
39 7 0 0 2 0 5;
40 3 0 0 1 0 2;
42 1 0 0 0 0 1;
43 1 0 0 1 0 0;
44 2 0 0 0 0 2;
45 1 0 0 0 0 1;
! 0000 202 02 99 08 1114;
01 656 2 7 39 606 2;
02 100 1 0 3 94 2;
03 102 2 0 3 94 3;
04 8 1 0 1 4 2;
05 50 0 0 1 48 1;
07 5 0 0 0 5 0;
08 1 0 0 0 1 0;
11 1 1 0 0 0 0;
14 87 0 0 0 87 0;
15 37 0 0 0 37 0;
16 14 0 0 0 14 0;
17 8 0 0 0 8 0;
18 5 0 0 0 5 0;
19 6 0 0 0 6 0;
20 17 0 0 0 17 0;
21 38 0 0 0 38 0;
22 11 0 0 0 11 0;
23 3 0 0 0 0 3;
25 33 0 0 1 27 5;
26 19 0 0 0 0 19;
27 19 0 0 0 0 19;
28 142 0 0 0 100 42;
29 100 0 0 0 100 0;
30 42 0 0 0 0 42;
31 42 0 0 0 0 42;
32 60 0 0 0 40 20;
33 4 0 0 0 0 4;
34 56 0 0 0 40 16;
35 56 0 0 0 40 16;
36 2 0 0 0 2 0;
38 1 0 0 0 1 0;
39 13 0 0 1 11 1;
40 13 0 0 1 11 1;
45 7 0 0 2 3 2;
46 1 0 0 0 1 0;
48 4722 3788 0 784 0 150;
49 1022 950 0 0 72 0;
50 4 3 1 0 0 0;
! 0000 202 02 99 08 1124;
01 26 2 7 7 9 1;
02 7 0 0 2 5 0;
03 7 0 0 2 5 0;
04 1 0 0 1 0 0;
05 3 0 0 0 3 0;
06 1 0 0 0 1 0;
08 2 0 0 1 1 0;
14 3 0 0 0 3 0;
18 3 0 0 0 3 0;
23 1 0 1 0 0 0;
25 2 0 0 0 2 0;
28 247 0 0 240 7 0;
29 247 0 0 240 7 0;
30 3 0 0 0 3 0;
31 3 0 0 0 3 0;
45 1 0 1 0 0 0;
47 1 0 1 0 0 0;
50 2 1 1 0 0 0;
! 0000 202 02 99 08 1117;
01 1216 1 14 28 1173 0;
02 275 1 3 16 255 0;
03 302 2 3 16 281 0;
04 2 1 0 1 0 0;
05 34 0 0 4 30 0;
06 6 0 0 0 6 0;
07 6 0 0 0 6 0;
08 47 0 1 2 44 0;
11 1 1 0 0 0 0;
14 238 0 2 10 226 0;
15 34 0 0 4 30 0;
16 60 0 1 3 56 0;
17 37 0 0 2 35 0;
18 52 0 1 1 50 0;
19 34 0 0 0 34 0;
20 21 0 0 0 21 0;
21 30 0 3 3 24 0;
22 10 0 1 3 6 0;
25 241 0 2 11 228 0;
28 1436 0 51 175 1210 0;
29 200 0 51 73 76 0;
32 337 0 26 56 255 0;
34 337 0 26 56 255 0;
35 114 0 26 42 46 0;
36 14 0 0 0 14 0;
38 170 0 0 1 169 0;
39 3 0 0 1 2 0;
40 2 0 0 1 1 0;
41 1 0 0 0 1 0;
45 2 0 0 2 0 0;
48 2680 2202 0 478 0 0;
49 116 0 99 4 13 0;
50 1 1 0 0 0 0;
! 0000 202 02 99 08 1149;
01 241 0 3 2 219 17;
02 116 0 3 1 97 15;
03 271 0 3 1 97 170;
04 8 0 0 1 2 5;
05 2 0 0 0 2 0;
08 21 0 0 0 9 12;
14 70 0 0 0 14 56;
15 7 0 0 0 0 7;
17 11 0 0 0 1 10;
18 6 0 0 0 1 5;
20 46 0 0 0 12 34;
21 6 0 0 0 5 1;
22 4 0 0 0 0 4;
23 4 0 0 0 0 4;
25 74 0 0 0 14 60;
26 17 0 0 0 0 17;
27 16 0 0 0 0 16;
28 281 0 0 0 157 124;
29 168 0 0 0 149 19;
30 18 0 0 0 0 18;
32 89 0 0 0 53 36;
34 89 0 0 0 53 36;
35 59 0 0 0 52 7;
36 9 0 0 0 4 5;
38 1 0 0 0 0 1;
39 2 0 0 0 0 2;
40 1 0 0 0 0 1;
44 1 0 0 0 0 1;
45 2 0 0 0 0 2;
48 56 0 0 30 6 20;
49 20 0 0 0 4 17;
! 0000 202 02 99 08 1168;
01 526 1 2 11 512 0;
02 204 1 0 3 200 0;
03 205 2 0 3 200 0;
04 49 1 0 2 46 0;
05 86 0 0 0 86 0;
06 26 0 0 0 26 0;
07 28 0 0 0 28 0;
08 14 0 0 1 13 0;
11 1 1 0 0 0 0;
14 204 0 0 3 201 0;
16 87 0 0 0 87 0;
17 57 0 0 0 57 0;
18 34 0 0 3 31 0;
19 26 0 0 0 26 0;
21 52 0 0 2 50 0;
22 43 0 0 2 41 0;
25 187 0 0 2 185 0;
28 4642 0 0 4612 30 0;
29 2157 0 0 2157 0 0;
32 1213 0 0 1187 26 0;
34 1213 0 0 1187 26 0;
35 794 0 0 794 0 0;
36 569 0 0 569 0 0;
39 4 0 0 4 0 0;
40 2 0 0 2 0 0;
43 1 0 0 1 0 0;
45 4 0 0 0 4 0;
46 3 0 0 0 3 0;
48 8466 8466 0 0 0 0;
49 4350 4350 0 0 0 0;
50 9 8 1 0 0 0;
! 0000 202 02 99 08 1112;
01 644 2 3 29 610 0;
02 451 2 0 4 445 0;
03 636 1 0 4 631 0;
04 7 0 0 3 4 0;
05 92 0 0 0 92 0;
06 1 1 0 0 0 0;
07 65 0 0 0 65 0;
08 3 0 0 0 3 0;
14 254 0 0 1 253 0;
15 13 0 0 0 13 0;
16 26 0 0 0 26 0;
17 169 0 0 1 168 0;
18 30 0 0 0 30 0;
19 14 0 0 0 14 0;
21 11 2 0 0 9 0;
22 9 0 0 0 9 0;
25 3 0 0 2 1 0;
26 17 0 0 0 17 0;
28 1262 0 0 43 1219 0;
29 759 0 0 43 716 0;
30 43 0 0 43 0 0;
31 43 0 0 43 0 0;
32 706 0 0 11 695 0;
33 8 0 0 0 8 0;
34 697 0 0 10 687 0;
35 260 0 0 10 250 0;
36 30 0 0 0 30 0;
38 10 0 0 10 0 0;
39 2 0 0 2 0 0;
40 1 0 0 1 0 0;
43 1 0 0 1 0 0;
49 268 0 0 0 268 0;
! 0000 202 02 99 08 1111;
01 187 3 2 41 137 4;
02 98 1 0 5 88 4;
03 99 2 0 5 88 4;
04 5 1 0 0 4 0;
05 12 1 0 0 11 0;
06 5 0 0 1 4 0;
07 27 0 0 0 27 0;
08 20 0 0 2 18 0;
09 8 0 0 1 7 0;
12 4 0 0 0 0 4;
13 4 0 0 0 0 4;
14 52 0 0 2 47 3;
15 6 0 0 0 4 2;
16 15 0 0 1 14 0;
17 12 0 0 0 12 0;
18 19 0 0 0 19 0;
21 29 0 0 7 22 0;
22 27 0 0 7 20 0;
23 5 0 0 0 0 5;
24 3 1 0 0 0 2;
25 18 2 0 0 1 15;
26 1459 0 0 0 0 1459;
27 500 0 0 0 0 500;
28 214 0 0 0 44 170;
29 44 0 0 0 44 0;
30 150 0 0 0 0 150;
31 150 0 0 0 0 150;
32 441 0 0 23 24 394;
33 310 0 0 20 0 290;
34 106 0 0 0 20 86;
35 106 0 0 0 20 86;
38 5 0 0 0 5 0;
39 4 0 0 0 0 4;
40 2 0 0 0 0 2;
44 2 0 0 0 0 2;
45 9 1 0 4 1 3;
46 7 1 0 2 1 3;
47 1 0 0 1 0 0;
48 725 0 0 725 0 0;
49 74 52 0 0 22 0;
50 3 2 0 0 0 1;
! 0000 202 02 99 08 1105;
01 749 1 7 8 733 0;
02 182 0 1 2 179 0;
03 204 0 1 2 201 0;
04 2 0 1 0 1 0;
05 76 0 0 1 75 0;
06 9 0 0 0 9 0;
07 72 0 0 1 71 0;
08 39 0 0 0 39 0;
14 141 0 0 1 140 0;
15 36 0 0 0 36 0;
16 23 0 0 1 22 0;
17 8 0 0 0 8 0;
18 43 0 0 0 43 0;
19 14 0 0 0 14 0;
20 14 0 0 0 14 0;
21 25 0 0 1 24 0;
22 11 0 0 2 9 0;
23 7 0 6 0 1 0;
25 15 0 2 0 13 0;
26 18 0 0 0 0 18;
28 928 0 21 0 907 0;
29 786 0 21 0 765 0;
30 53 0 21 0 32 0;
31 21 0 21 0 0 0;
32 537 0 9 0 527 1;
33 1 0 0 0 0 1;
34 536 0 9 0 527 0;
35 478 0 4 0 474 0;
36 47 0 0 0 47 0;
37 8 0 5 0 3 0;
38 3 0 0 0 3 0;
39 2 0 2 0 0 0;
40 1 0 1 0 0 0;
43 1 0 1 0 0 0;
45 2 0 2 0 0 0;
46 1 0 1 0 0 0;
48 1931 0 1924 0 7 0;
49 39 0 0 0 39 0;
50 1 0 1 0 0 0;
! 0000 202 02 99 08 1142;
01 182 5 4 14 159 0;
02 42 0 3 4 35 0;
03 42 0 3 4 35 0;
04 3 0 3 0 0 0;
05 2 0 0 0 2 0;
07 16 0 0 1 15 0;
14 24 0 0 1 23 0;
15 2 0 0 0 2 0;
16 2 0 0 0 2 0;
17 3 0 0 0 3 0;
18 10 0 0 1 9 0;
20 7 0 0 0 7 0;
21 3 1 0 0 2 0;
23 3 0 0 0 0 3;
25 4 0 0 0 0 4;
26 526 0 0 0 0 526;
28 961 0 0 900 38 23;
29 924 0 0 900 24 0;
30 26 0 0 0 5 21;
31 26 0 0 0 5 21;
32 524 0 0 288 18 218;
33 210 0 0 0 0 210;
34 313 0 0 288 18 7;
35 308 0 0 288 13 7;
38 1 0 0 0 1 0;
39 5 0 4 1 0 0;
40 2 0 1 1 0 0;
43 3 0 3 0 0 0;
45 4 1 3 0 0 0;
48 5274 0 5274 0 0 0;
49 5301 0 5301 0 0 0;
50 11 7 4 0 0 0;
! 0000 202 02 99 08 125;
01 460 0 0 0 460 0;
02 68 0 0 0 68 0;
03 75 0 0 0 75 0;
04 2 0 0 0 2 0;
05 8 0 0 0 8 0;
07 27 0 0 0 27 0;
14 75 0 0 0 75 0;
15 8 0 0 0 8 0;
16 28 0 0 0 28 0;
17 3 0 0 0 3 0;
18 27 0 0 0 27 0;
19 12 0 0 0 12 0;
25 5 0 0 0 5 0;
26 3 0 0 0 3 0;
28 51 0 0 0 51 0;
29 51 0 0 0 51 0;
32 31 0 0 0 31 0;
33 1 0 0 0 1 0;
34 30 0 0 0 30 0;
48 49 0 0 0 49 0;
! 0000 202 02 99 08 1173;
01 539 2 0 4 488 45;
02 145 0 0 4 124 17;
03 116 0 0 3 96 17;
05 37 0 0 3 17 17;
06 2 0 0 0 2 0;
07 4 0 0 0 4 0;
08 1 0 0 0 1 0;
14 113 0 0 3 93 17;
15 32 0 0 3 14 15;
16 22 0 0 0 22 0;
17 16 0 0 0 16 0;
18 6 0 0 0 6 0;
19 10 0 0 0 10 0;
20 27 0 0 0 25 2;
21 16 0 0 0 16 0;
22 2 0 0 0 2 0;
25 11 0 0 0 11 0;
26 86 0 0 0 86 0;
28 37 0 0 0 36 1;
29 37 0 0 0 36 1;
32 97 0 0 0 97 0;
33 85 0 0 0 85 0;
34 12 0 0 0 12 0;
35 12 0 0 0 12 0;
36 1 0 0 0 1 0;
38 3 0 0 0 3 0;
39 2 0 0 0 2 0;
40 2 0 0 0 2 0;
45 3 0 1 1 1 0;
49 9 0 0 0 9 0;
50 19 8 6 0 5 0;
! 0000 202 02 99 08 1176;
01 714 4 16 66 628 0;
02 345 0 2 31 312 0;
03 367 0 4 51 312 0;
04 38 0 2 8 28 0;
05 93 0 1 8 84 0;
06 23 0 0 5 18 0;
07 109 0 0 30 79 0;
12 1 0 1 0 0 0;
14 259 0 1 52 206 0;
15 62 0 0 24 38 0;
16 67 0 0 13 54 0;
17 11 0 0 2 9 0;
18 104 0 0 24 80 0;
19 15 0 0 0 15 0;
21 6 0 1 1 4 0;
22 3 0 1 0 2 0;
23 5 0 0 0 0 5;
24 1 0 1 0 0 0;
25 14 0 14 0 0 0;
26 12 0 0 0 12 0;
28 4899 0 0 1062 3837 0;
29 4383 0 0 1052 3331 0;
32 2788 0 0 677 2111 0;
33 180 0 0 0 180 0;
34 1931 0 0 0 1931 0;
35 1931 0 0 0 1931 0;
39 3 0 1 2 0 0;
43 3 0 1 2 0 0;
45 6 0 1 2 2 1;
46 1 0 1 0 0 0;
47 1 0 0 0 1 0;
48 1021 0 114 907 0 0;
49 82 0 47 35 0 0;
50 3 0 3 0 0 0;
! 0000 202 02 99 08 1108;
01 388 2 6 26 347 7;
02 111 1 2 10 91 7;
03 149 2 2 12 120 13;
04 7 2 1 1 3 0;
05 61 0 0 2 53 6;
06 6 0 0 0 6 0;
07 24 0 0 3 17 4;
08 26 0 0 0 23 3;
09 8 0 0 1 7 0;
12 1 0 0 0 1 0;
13 1 0 0 0 1 0;
14 75 0 0 4 71 0;
15 14 0 0 1 13 0;
16 23 0 0 3 20 0;
17 5 0 0 0 5 0;
18 22 0 0 0 22 0;
19 6 0 0 0 6 0;
20 5 0 0 0 5 0;
21 21 0 0 2 19 0;
22 4 0 0 1 3 0;
23 5 0 0 2 1 2;
24 2 0 0 0 2 0;
25 23 0 1 2 18 2;
26 25 0 0 0 5 20;
27 20 0 0 0 0 20;
28 4237 0 0 2841 213 1183;
29 1131 0 0 6 64 1061;
30 24 0 0 0 2 22;
31 24 0 0 0 2 22;
32 2122 0 0 1445 144 533;
33 8 0 0 0 3 5;
34 2113 0 0 1445 140 528;
35 562 0 0 4 30 528;
36 589 0 0 0 67 522;
37 1405 0 0 1405 0 0;
38 11 0 0 0 5 6;
39 7 1 0 0 3 3;
40 2 0 0 0 0 2;
41 2 0 0 0 2 0;
43 2 1 0 0 1 0;
44 1 0 0 0 0 1;
45 12 1 0 3 4 4;
46 8 1 0 2 3 2;
48 1632 173 6 77 228 1148;
49 329 3 12 235 77 0;
50 4 3 1 0 0 0;
! 0000 202 02 99 08 1125;
01 491 0 3 26 448 14;
02 217 0 2 25 186 4;
03 230 0 5 23 202 0;
04 11 0 1 5 5 0;
05 64 0 2 1 61 0;
06 4 0 0 0 4 0;
07 50 0 2 0 48 0;
08 8 0 0 0 8 0;
14 159 0 2 1 156 0;
15 31 0 0 0 31 0;
16 27 0 0 0 27 0;
18 45 0 0 0 45 0;
19 30 0 0 0 30 0;
20 26 0 2 1 23 0;
21 54 0 0 0 54 0;
22 22 0 0 0 22 0;
23 5 0 5 0 0 0;
25 166 0 2 3 157 4;
26 394 5 0 0 389 0;
27 6 5 0 0 1 0;
28 882 0 22 0 860 0;
29 807 0 6 0 801 0;
30 154 0 22 0 132 0;
31 154 0 22 0 132 0;
32 506 1 6 0 499 0;
33 77 1 0 0 76 0;
34 429 0 6 0 423 0;
35 321 0 4 0 317 0;
36 314 0 0 0 314 0;
38 19 0 0 0 19 0;
39 10 1 0 2 3 4;
40 6 0 0 1 2 3;
43 2 0 0 1 1 0;
45 4 0 0 0 1 3;
46 1 0 0 0 0 1;
48 1067 0 13 696 358 0;
49 773 0 0 15 758 0;
50 4 2 2 0 0 0;
! 0000 202 02 99 08 1147;
01 224 0 0 34 190 0;
02 74 0 0 16 58 0;
03 74 0 0 16 58 0;
04 2 0 0 0 2 0;
05 8 0 0 5 3 0;
06 1 0 0 1 0 0;
07 2 0 0 0 2 0;
08 15 0 0 2 13 0;
12 2 0 0 1 1 0;
13 2 0 0 1 1 0;
14 68 0 0 4 64 0;
15 4 0 0 3 1 0;
16 6 0 0 0 6 0;
17 7 0 0 0 7 0;
18 23 0 0 1 22 0;
19 22 0 0 0 22 0;
20 6 0 0 0 6 0;
21 7 0 0 1 6 0;
22 7 0 0 1 6 0;
25 68 0 0 5 63 0;
28 6983 0 0 4984 1999 0;
29 4780 0 0 3065 1715 0;
32 2348 0 0 1367 981 0;
34 2318 0 0 1337 981 0;
35 1742 0 0 1075 667 0;
36 459 0 0 0 459 0;
38 1230 0 0 1166 64 0;
39 3 0 0 1 2 0;
40 1 0 0 1 0 0;
44 2 0 0 0 2 0;
45 2 0 0 1 1 0;
48 515 0 0 471 44 0;
49 24 0 0 3 21 0;
! 0000 202 02 99 08 1120;
01 1071 4 12 23 1027 5;
02 236 1 4 6 223 2;
03 388 1 5 6 367 9;
04 13 0 5 2 6 0;
05 19 0 0 1 16 2;
06 26 0 0 0 26 0;
07 51 0 0 1 48 2;
08 33 0 0 2 29 2;
09 2 0 0 0 0 2;
14 254 0 1 6 247 0;
15 39 0 0 1 38 0;
16 64 0 0 1 63 0;
17 82 0 0 0 82 0;
18 52 0 0 2 50 0;
19 75 0 0 0 75 0;
20 26 0 0 0 26 0;
21 67 0 0 1 66 0;
22 37 0 0 0 37 0;
23 2 0 0 0 0 2;
24 2 0 0 0 1 1;
25 169 0 1 0 165 3;
26 10 0 0 0 0 10;
28 2228 0 0 0 2173 55;
29 2065 0 0 0 2010 55;
30 55 0 0 0 0 55;
31 55 0 0 0 0 55;
32 988 0 0 0 934 54;
33 2 0 0 0 0 2;
34 985 0 0 0 933 52;
35 875 0 0 0 849 26;
36 89 0 0 0 63 26;
37 22 0 0 0 22 0;
38 29 0 0 0 3 26;
39 3 0 0 0 3 0;
40 1 0 0 0 1 0;
43 2 0 0 0 2 0;
45 12 0 3 2 5 2;
46 2 0 0 1 1 0;
48 1146 0 119 188 839 0;
49 235 0 39 0 196 0;
50 4 4 0 0 0 0;
! 0000 202 02 99 08 1195;
01 36 0 0 7 27 2;
02 19 0 0 3 14 2;
03 29 0 0 4 19 6;
04 1 0 0 0 0 1;
05 8 0 0 1 7 0;
07 3 0 0 1 2 0;
08 1 0 0 1 0 0;
14 10 0 0 0 8 2;
15 1 0 0 0 1 0;
16 7 0 0 0 7 0;
20 2 0 0 0 0 2;
21 3 0 0 0 3 0;
24 1 0 0 0 1 0;
25 4 0 0 0 4 0;
26 834 0 0 0 80 754;
28 324 0 0 64 20 240;
29 19 0 0 6 13 0;
32 362 0 0 30 30 302;
33 320 0 0 0 18 302;
34 42 0 0 30 12 0;
35 14 0 0 2 12 0;
36 14 0 0 14 0 0;
38 3 0 0 0 3 0;
39 1 0 0 0 1 0;
40 1 0 0 0 1 0;
45 2 0 0 0 2 0;
46 1 0 0 0 1 0;
47 1 0 0 0 1 0;
48 253 0 0 0 21 232;
49 327 0 0 0 6 321;
50 3 0 0 0 0 3;
! 0000 202 02 99 08 1101;
01 1036 5 16 46 944 25;
02 361 1 4 11 333 12;
03 362 1 4 12 333 12;
04 251 1 2 9 228 11;
05 65 0 0 3 62 0;
06 2 0 0 0 2 0;
07 28 0 0 0 27 1;
08 12 0 0 0 12 0;
10 2 0 0 0 2 0;
12 2 0 2 0 0 0;
14 331 0 1 2 317 11;
15 16 0 0 0 7 9;
16 47 0 1 2 44 0;
17 160 0 0 0 158 2;
18 74 0 0 0 74 0;
19 34 0 0 0 34 0;
21 13 0 0 0 13 0;
22 39 0 0 0 39 0;
23 2 0 2 0 0 0;
25 211 0 4 1 203 3;
26 207 0 20 0 102 85;
27 20 0 20 0 0 0;
28 533 0 0 0 530 3;
29 396 0 0 0 393 3;
30 3 0 0 0 2 1;
31 3 0 0 0 2 1;
32 105 0 3 0 80 22;
33 32 0 3 0 8 21;
34 73 0 0 0 72 1;
35 61 0 0 0 60 1;
36 2 0 0 0 2 0;
38 30 0 0 0 30 0;
39 7 0 3 3 1 0;
40 4 0 2 2 0 0;
41 1 0 0 0 1 0;
43 2 0 1 1 0 0;
45 4 0 0 0 4 0;
46 4 0 0 0 4 0;
48 13814 0 13668 142 4 0;
49 328 5 45 205 73 0;
50 2 2 0 0 0 0;
! 0000 202 02 99 08 1119;
01 158 2 4 30 83 39;
02 93 2 2 7 43 39;
03 109 3 2 6 60 38;
04 9 1 0 0 8 0;
05 17 1 2 1 6 7;
06 1 0 0 0 1 0;
07 31 0 0 2 22 7;
08 10 0 0 1 8 1;
09 7 0 0 0 3 4;
14 55 1 0 0 24 30;
15 7 0 0 0 6 1;
16 17 0 0 0 3 14;
17 14 0 0 0 7 7;
18 14 0 0 0 6 8;
20 3 0 0 0 3 0;
21 5 0 0 1 4 0;
22 2 0 0 0 2 0;
23 5 0 1 0 2 2;
24 2 0 1 0 1 0;
25 59 0 1 2 23 33;
26 1037 0 55 840 58 84;
27 8 0 0 0 8 0;
28 4995 0 133 2135 379 2348;
29 4380 0 133 1573 326 2348;
30 666 0 133 219 187 127;
31 650 0 133 219 186 112;
32 2063 0 72 990 144 857;
33 255 0 9 228 11 7;
34 1793 0 63 761 119 850;
35 1621 0 63 596 116 846;
36 274 0 0 149 55 70;
38 85 0 0 0 44 41;
39 9 1 0 4 1 3;
40 9 1 0 4 1 3;
45 8 0 1 2 2 3;
46 1 0 0 1 0 0;
48 835 795 0 24 16 0;
49 1568 0 0 1549 19 0;
50 1 1 0 0 0 0;
! 0000 202 02 99 08 1138;
01 2636 50 12 17 2557 0;
02 306 2 1 11 292 0;
03 88 2 1 6 79 0;
04 38 2 1 2 33 0;
05 12 0 0 2 10 0;
06 6 0 0 0 6 0;
07 31 0 0 2 29 0;
08 1 0 0 0 1 0;
14 218 0 0 5 213 0;
15 15 0 0 0 15 0;
16 46 0 0 0 46 0;
17 122 0 0 0 122 0;
18 24 0 0 0 24 0;
19 11 0 0 5 6 0;
21 44 0 0 6 38 0;
25 256 0 2 11 243 0;
28 307 0 0 0 307 0;
29 267 0 0 0 267 0;
30 40 0 0 0 40 0;
31 40 0 0 0 40 0;
32 72 0 0 0 72 0;
34 72 0 0 0 72 0;
35 72 0 0 0 72 0;
39 7 0 1 4 2 0;
40 3 0 0 1 2 0;
43 3 0 1 2 0 0;
44 1 0 0 1 0 0;
45 3 0 0 1 2 0;
48 1435 0 334 960 141 0;
49 2141 1788 353 0 0 0;
50 7 7 0 0 0 0;
! 0000 202 02 99 08 1152;
01 307 2 5 4 296 0;
02 237 0 3 1 233 0;
03 252 0 3 1 248 0;
04 1 0 0 1 0 0;
05 15 0 0 0 15 0;
07 10 0 0 0 10 0;
08 10 0 0 0 10 0;
14 149 0 0 0 149 0;
15 32 0 0 0 32 0;
16 85 0 0 0 85 0;
17 6 0 0 0 6 0;
18 19 0 0 0 19 0;
20 7 0 0 0 7 0;
21 1 0 0 0 1 0;
22 1 0 0 0 1 0;
24 1 0 1 0 0 0;
25 149 0 0 1 148 0;
26 2000 2000 0 0 0 0;
28 5491 0 63 0 5428 0;
29 5491 0 63 0 5428 0;
30 63 0 63 0 0 0;
31 63 0 63 0 0 0;
32 2294 0 46 0 2248 0;
33 240 0 0 0 240 0;
34 2054 0 46 0 2008 0;
35 2031 0 23 0 2008 0;
36 2031 0 23 0 2008 0;
38 23 0 23 0 0 0;
39 5 0 0 5 0 0;
40 2 0 0 2 0 0;
42 3 0 0 3 0 0;
45 1 0 0 0 0 1;
48 55 0 0 55 0 0;
49 517 0 0 517 0 0;
50 3 1 2 0 0 0;
! 0000 202 02 99 08 1191;
01 950 0 8 17 925 0;
02 108 0 2 2 104 0;
03 108 0 2 2 104 0;
04 16 0 2 1 13 0;
05 42 0 0 0 42 0;
06 8 0 0 0 8 0;
07 42 0 0 1 41 0;
14 100 0 0 3 97 0;
16 10 0 0 0 10 0;
18 56 0 0 0 56 0;
19 31 0 0 2 29 0;
20 3 0 0 1 2 0;
21 3 0 0 1 2 0;
22 3 0 0 1 2 0;
23 5 0 3 2 0 0;
24 5 0 3 2 0 0;
25 5 0 3 2 0 0;
26 440 0 370 70 0 0;
27 440 0 370 70 0 0;
28 537 0 330 70 137 0;
29 167 0 0 45 122 0;
30 182 0 0 45 137 0;
31 14 0 0 0 14 0;
32 102 0 10 23 69 0;
33 55 0 5 14 36 0;
34 47 0 5 9 33 0;
35 42 0 0 9 33 0;
36 31 0 0 9 22 0;
48 134 0 134 0 0 0;
49 102 0 102 0 0 0;
! 0000 202 02 99 08 1194;
01 357 4 6 24 322 1;
02 131 3 2 12 114 0;
03 131 4 3 12 111 1;
04 43 1 1 0 41 0;
05 17 3 2 9 3 0;
06 2 0 0 0 2 0;
07 46 0 0 0 45 1;
14 29 0 0 0 28 1;
15 7 0 0 0 7 0;
16 5 0 0 0 5 0;
17 3 0 0 0 3 0;
18 9 0 0 0 9 0;
19 1 0 0 0 0 1;
20 5 0 0 0 5 0;
21 5 1 1 0 3 0;
22 2 1 0 0 1 0;
23 1 0 0 0 1 0;
24 27 1 0 0 26 0;
25 51 1 0 0 26 24;
26 545 513 0 0 0 32;
28 144 0 0 0 128 16;
29 62 0 0 0 62 0;
30 13 0 0 0 0 13;
31 13 0 0 0 0 13;
32 192 120 0 0 61 11;
33 130 120 0 0 0 10;
34 55 0 0 0 54 1;
35 27 0 0 0 26 1;
39 10 4 0 3 2 1;
40 9 4 0 3 1 1;
44 1 0 0 0 1 0;
45 4 0 3 0 1 0;
46 1 0 1 0 0 0;
47 1 0 1 0 0 0;
48 754 101 279 351 23 0;
49 732 0 440 292 0 0;
50 2 0 2 0 0 0;
! 0000 202 02 99 08 1146;
01 1211 1 65 12 1125 8;
02 364 0 8 4 344 8;
03 370 0 9 6 341 14;
04 45 0 6 4 35 0;
05 51 0 0 0 42 9;
06 17 0 0 0 15 2;
07 71 0 1 1 66 3;
08 177 0 0 1 176 0;
12 1 0 1 0 0 0;
13 1 0 1 0 0 0;
14 239 0 1 1 231 6;
15 5 0 0 0 3 2;
16 17 0 0 0 17 0;
17 38 0 0 1 37 0;
18 118 0 0 0 115 3;
19 60 0 0 0 59 1;
21 52 0 0 1 51 0;
22 14 0 0 0 14 0;
23 2 0 0 0 0 2;
24 4 0 0 0 2 2;
25 62 0 1 0 43 18;
26 3077 2200 0 0 855 22;
27 7 0 0 0 0 7;
28 3657 0 732 156 2400 369;
29 2027 0 0 43 1694 290;
30 402 0 0 0 193 209;
31 402 0 0 0 193 209;
32 1384 400 73 36 794 81;
34 900 0 73 36 713 78;
35 563 0 73 28 424 38;
36 246 0 73 10 160 3;
38 133 0 0 0 90 43;
39 10 0 3 1 4 2;
40 7 0 1 1 4 1;
42 2 0 1 0 0 1;
43 1 0 1 0 0 0;
45 9 0 3 1 5 0;
46 3 0 2 0 1 0;
47 1 0 1 0 0 0;
48 2319 0 2249 0 70 0;
49 7152 5088 2006 0 56 2;
50 12 4 8 0 0 0;
! 0000 202 02 99 08 1150;
01 467 2 5 13 435 12;
02 89 1 1 8 76 3;
03 105 1 1 8 92 3;
04 1 1 0 0 0 0;
05 10 0 0 1 9 0;
06 2 0 0 0 2 0;
07 15 0 0 3 12 0;
08 10 0 0 1 8 1;
09 2 0 0 0 2 0;
14 66 0 0 2 62 2;
15 11 0 0 0 10 1;
16 7 0 0 0 7 0;
17 21 0 0 0 20 1;
18 2 0 0 0 2 0;
19 22 0 0 2 20 0;
20 3 0 0 0 3 0;
21 5 0 1 0 4 0;
22 1 0 0 0 1 0;
23 2 0 1 0 1 0;
24 2 0 0 2 0 0;
25 64 0 1 3 59 1;
28 5653 0 0 5512 138 3;
29 5624 0 0 5512 111 1;
30 19 0 0 0 19 0;
31 19 0 0 0 19 0;
32 1846 0 0 1762 81 3;
34 1846 0 0 1762 81 3;
35 1789 0 0 1731 58 0;
36 1 0 0 0 1 0;
38 31 0 0 0 31 0;
39 5 0 1 3 1 0;
40 1 0 0 0 1 0;
43 4 0 1 3 0 0;
45 5 0 1 3 1 0;
47 3 0 0 3 0 0;
48 782 0 782 0 0 0;
49 272 0 181 78 13 0;
50 2 1 1 0 0 0;
! 0000 202 02 99 08 1158;
01 686 0 3 0 683 0;
02 174 0 1 0 173 0;
03 174 0 1 0 173 0;
04 23 0 0 0 23 0;
05 7 0 1 0 6 0;
07 3 0 0 0 3 0;
08 16 0 0 0 16 0;
14 127 0 1 0 126 0;
15 31 0 1 0 30 0;
16 23 0 0 0 23 0;
17 22 0 0 0 22 0;
18 23 0 0 0 23 0;
19 3 0 0 0 3 0;
20 25 0 0 0 25 0;
21 15 0 0 0 15 0;
23 3 0 0 0 3 0;
25 174 0 1 0 173 0;
26 979 0 977 0 2 0;
28 292 0 0 0 292 0;
29 135 0 0 0 135 0;
30 27 0 0 0 27 0;
31 27 0 0 0 27 0;
32 287 0 174 0 113 0;
33 175 0 174 0 1 0;
34 112 0 0 0 112 0;
35 35 0 0 0 35 0;
36 1 0 0 0 1 0;
38 5 0 0 0 5 0;
39 1 0 0 1 0 0;
40 1 0 0 1 0 0;
45 1 0 0 0 1 0;
46 1 0 0 0 1 0;
49 206 0 0 0 206 0;
50 1 1 0 0 0 0;
! 0000 202 02 99 08 1140;
01 723 0 13 61 647 2;
02 450 0 13 51 384 2;
03 792 0 20 58 712 2;
04 35 0 5 18 12 0;
05 135 0 2 7 126 0;
06 2 0 0 0 2 0;
07 55 0 2 2 51 0;
08 61 0 1 1 59 0;
14 243 0 3 15 225 0;
15 116 0 3 6 107 0;
16 106 0 3 4 99 0;
17 126 0 2 5 119 0;
18 90 0 3 1 86 0;
19 11 0 0 0 11 0;
20 23 0 0 7 16 0;
21 35 0 0 0 35 0;
22 25 0 0 0 25 0;
23 6 0 6 0 0 0;
25 240 0 3 12 225 0;
26 8334 0 5661 663 10 2000;
27 61 0 61 0 0 0;
28 18110 0 398 13765 3937 10;
29 48 0 0 0 48 0;
30 218 0 218 0 0 0;
31 97 0 97 0 0 0;
32 10707 0 1077 7242 1920 468;
33 1569 0 923 181 5 460;
34 9138 0 154 7061 1915 8;
35 103 0 0 96 7 0;
36 424 0 47 11 366 0;
37 2 0 0 0 2 0;
38 4574 0 0 4075 498 1;
39 2 0 0 2 0 0;
40 2 0 0 2 0 0;
45 8 0 2 3 3 0;
46 3 0 0 2 1 0;
47 2 0 2 0 0 0;
48 10210 0 9378 693 139 0;
49 2044 0 596 910 538 0;
50 25 1 7 17 0 0;
! 0000 202 02 99 08 1193;
01 1079 1 0 6 153 919;
02 57 1 0 3 43 10;
03 74 1 1 4 54 14;
04 35 0 0 2 33 0;
05 26 1 0 0 11 14;
07 11 0 0 2 9 0;
08 1 0 0 0 1 0;
12 1 0 1 0 0 0;
13 1 0 1 0 0 0;
14 17 0 0 1 10 6;
15 1 0 0 0 1 0;
16 6 0 0 1 5 0;
17 1 0 0 0 1 0;
18 3 0 0 0 3 0;
21 6 0 0 0 0 6;
22 3 0 0 0 3 0;
24 1 0 1 0 0 0;
26 522 15 0 0 6 501;
27 522 15 0 0 6 501;
28 373 0 0 148 224 1;
29 373 0 0 148 224 1;
30 346 0 0 148 197 1;
32 642 12 0 104 157 369;
33 452 6 0 104 157 185;
34 190 6 0 0 0 184;
35 262 0 0 104 157 1;
36 243 0 0 104 138 1;
37 51 0 0 0 51 0;
39 61 0 0 0 3 58;
46 1 0 0 1 0 0;
48 1 0 0 1 0 0;
49 31 0 0 31 0 0;
50 10 0 0 4 6 0;
! 0000 202 02 99 08 1141;
01 1145 1 28 39 1075 2;
02 431 0 11 11 407 2;
03 436 0 12 10 412 2;
04 50 0 2 1 47 0;
05 82 0 4 2 74 2;
06 2 0 0 0 2 0;
07 99 0 1 4 94 0;
08 101 0 0 1 100 0;
09 1 0 0 1 0 0;
12 6 0 5 0 1 0;
13 2 0 1 0 1 0;
14 329 0 1 7 321 0;
15 29 0 0 0 29 0;
16 95 0 0 2 93 0;
17 48 0 0 1 47 0;
18 114 0 0 4 110 0;
19 36 0 0 0 36 0;
20 8 0 1 0 7 0;
21 24 0 4 0 19 1;
22 16 0 0 0 16 0;
23 4 0 0 0 4 0;
24 4 0 4 0 0 0;
25 166 0 14 2 150 0;
26 38283 0 33887 3200 1196 0;
27 4 0 0 0 4 0;
28 26394 0 21966 2512 1916 0;
29 23237 0 19246 2251 1740 0;
30 3 0 0 0 3 0;
31 3 0 0 0 3 0;
32 23792 0 17080 5573 1139 0;
33 12529 0 7455 4811 263 0;
34 11263 0 9625 762 876 0;
35 11034 0 9625 605 804 0;
36 153 0 16 0 137 0;
38 140 0 0 0 140 0;
39 12 3 0 7 2 0;
40 9 0 0 7 2 0;
43 3 3 0 0 0 0;
45 4 0 4 0 0 0;
46 2 0 2 0 0 0;
47 2 0 2 0 0 0;
48 1368 819 9 85 2 452;
49 1224 986 189 0 49 0;
50 1 1 0 0 0 0;
! 0000 202 02 99 08 1118;
01 1766 0 13 51 1643 59;
02 372 0 2 51 308 11;
03 372 0 2 51 308 11;
04 30 0 1 12 16 1;
05 96 0 0 2 94 0;
06 6 0 0 0 6 0;
07 92 0 0 0 90 2;
08 40 0 0 0 39 1;
09 4 0 0 0 0 4;
12 1 0 0 0 0 1;
13 1 0 0 0 0 1;
14 269 0 0 0 251 18;
15 79 0 0 0 63 16;
16 27 0 0 0 27 0;
17 33 0 0 0 32 1;
18 55 0 0 0 54 1;
19 49 0 0 0 49 0;
20 26 0 0 0 26 0;
21 40 0 1 2 37 0;
22 12 0 0 0 12 0;
23 17 0 0 0 7 10;
24 7 0 0 0 2 5;
25 166 0 0 0 134 32;
26 1802 0 0 0 0 1802;
28 10293 0 0 5723 1963 2607;
29 8419 0 0 4812 1075 2532;
30 169 0 0 0 87 82;
31 169 0 0 0 87 82;
32 4239 0 0 2289 387 1563;
33 512 0 0 0 0 512;
34 3717 0 0 2289 377 1051;
35 3183 0 0 1925 225 1033;
36 168 0 0 0 168 0;
38 7 0 0 0 7 0;
39 14 1 0 0 13 0;
40 4 0 0 0 4 0;
41 6 0 0 0 6 0;
42 2 1 0 0 1 0;
43 2 0 0 0 2 0;
45 7 0 1 3 3 0;
46 1 0 0 1 0 0;
48 1656 0 244 0 1412 0;
49 9 0 0 0 9 0;
50 10 0 8 0 2 0;
! 0000 202 02 99 08 1127;
01 276 0 1 22 215 38;
02 85 0 1 7 75 2;
03 78 0 1 8 67 2;
04 10 0 1 2 7 0;
05 8 0 0 2 6 0;
06 3 0 0 0 3 0;
07 1 0 0 0 1 0;
14 13 0 1 0 12 0;
15 2 0 0 0 2 0;
16 3 0 0 0 3 0;
18 1 0 0 0 1 0;
19 2 0 1 0 1 0;
20 5 0 0 0 5 0;
21 5 0 0 0 5 0;
22 1 0 0 0 1 0;
23 1 0 0 0 1 0;
25 8 0 1 0 7 0;
28 2841 0 0 29 2772 40;
29 2801 0 0 29 2772 0;
30 40 0 0 0 0 40;
32 1871 0 0 108 1763 0;
34 1871 0 0 108 1763 0;
35 422 0 0 0 422 0;
39 1 0 1 0 0 0;
43 1 0 1 0 0 0;
45 2 0 0 1 1 0;
47 1 0 0 0 1 0;
48 2518 0 181 0 2337 0;
49 13 0 0 5 8 0;
50 2 2 0 0 0 0;
! 0000 202 02 99 08 1122;
01 1247 2 5 71 1167 2;
02 341 2 4 15 318 2;
03 341 2 4 15 318 2;
04 7 2 3 2 0 0;
05 83 0 0 3 79 1;
06 6 0 0 0 6 0;
07 100 0 0 4 96 0;
08 48 0 0 4 44 0;
12 2 0 1 0 0 1;
13 2 0 1 0 0 1;
14 334 1 1 12 319 1;
15 29 0 0 3 25 1;
16 32 0 0 0 32 0;
17 92 0 0 0 92 0;
18 119 0 0 6 113 0;
19 20 0 0 0 20 0;
20 42 1 1 3 37 0;
21 4 0 0 0 4 0;
22 2 0 0 0 2 0;
23 2 0 0 0 2 0;
24 2 0 2 0 0 0;
25 341 1 2 10 327 1;
26 6551 0 166 5575 0 810;
28 2306 0 39 0 2117 150;
29 1745 0 0 0 1745 0;
30 59 0 0 0 20 39;
31 59 0 0 0 20 39;
32 3169 0 51 2011 947 160;
33 2171 0 36 2011 0 124;
34 959 0 0 0 923 36;
35 772 0 0 0 772 0;
36 1 0 0 0 1 0;
38 19 0 0 0 7 12;
39 9 0 4 2 3 0;
40 3 0 0 1 2 0;
43 6 0 4 1 1 0;
45 8 0 2 4 2 0;
46 4 0 1 2 1 0;
47 4 0 1 2 1 0;
48 8501 548 6098 36 1819 0;
49 2558 0 2539 16 3 0;
50 3 3 0 0 0 0;
! 0000 202 02 99 08 1128;
01 280 1 50 24 204 1;
02 85 0 6 4 74 1;
03 85 0 6 4 74 1;
04 5 0 3 2 0 0;
05 7 0 0 1 6 0;
07 7 0 0 0 7 0;
08 44 0 1 1 42 0;
11 1 0 1 0 0 0;
12 2 0 1 0 0 1;
13 2 0 1 0 0 1;
14 61 0 0 0 61 0;
15 5 0 0 0 5 0;
16 10 0 0 0 10 0;
17 4 0 0 0 4 0;
18 29 0 0 0 29 0;
19 13 0 0 0 13 0;
21 5 0 0 1 4 0;
22 2 0 0 1 1 0;
23 3 0 1 0 0 2;
24 1 0 1 0 0 0;
25 58 0 6 1 50 1;
26 379 0 369 0 10 0;
28 1747 0 30 1029 688 0;
29 1509 0 0 1029 480 0;
30 30 0 30 0 0 0;
31 30 0 30 0 0 0;
32 1195 0 0 393 802 0;
33 5 0 0 0 5 0;
34 1189 0 0 393 796 0;
35 1168 0 0 393 775 0;
36 35 0 0 0 35 0;
39 3 0 1 1 0 1;
40 1 0 0 0 0 1;
43 1 0 0 1 0 0;
44 1 0 1 0 0 0;
45 2 0 1 0 0 1;
46 1 0 1 0 0 0;
48 9745 0 8585 1160 0 0;
49 1414 0 1413 0 1 0;
50 1 1 0 0 0 0;
! 0000 202 02 99 08 1145;
01 218 0 0 218 0 0;
02 92 0 0 92 0 0;
03 92 0 0 92 0 0;
04 25 0 0 25 0 0;
07 32 0 0 32 0 0;
24 12 0 0 12 0 0;
25 7 0 0 7 0 0;
26 2705 0 0 2705 0 0;
27 2705 0 0 2705 0 0;
28 7124 0 0 7124 0 0;
30 7124 0 0 7124 0 0;
31 7124 0 0 7124 0 0;
32 7131 0 0 7131 0 0;
33 7124 0 0 7124 0 0;
34 7 0 0 7 0 0;
38 7 0 0 7 0 0;
39 5 0 0 5 0 0;
42 2 0 0 2 0 0;
48 498 0 0 498 0 0;
! 0000 202 02 99 08 1186;
01 369 0 2 5 362 0;
02 85 0 2 1 82 0;
03 87 0 2 1 84 0;
04 4 0 2 0 2 0;
05 8 0 0 0 8 0;
07 18 0 0 1 17 0;
14 25 0 0 1 24 0;
17 12 0 0 0 12 0;
18 2 0 0 1 1 0;
19 9 0 0 0 9 0;
20 2 0 0 0 2 0;
21 9 0 0 0 9 0;
23 2 0 0 0 2 0;
25 15 0 0 1 14 0;
26 434 0 0 0 434 0;
28 558 0 0 0 558 0;
29 545 0 0 0 545 0;
30 197 0 0 0 197 0;
31 197 0 0 0 197 0;
32 506 0 0 0 506 0;
33 236 0 0 0 236 0;
34 270 0 0 0 270 0;
35 269 0 0 0 269 0;
38 115 0 0 0 115 0;
39 1 0 0 0 1 0;
43 1 0 0 0 1 0;
48 10855 0 10472 0 383 0;
49 10907 0 10555 0 352 0;
50 4 0 4 0 0 0;
! 0000 202 02 99 08 1107;
01 3000 7 67 99 2635 192;
02 409 0 7 5 374 23;
03 454 0 8 17 394 35;
04 24 0 7 3 14 0;
05 94 0 0 3 84 7;
06 23 0 0 2 16 5;
07 300 0 0 6 271 23;
08 10 0 0 3 7 0;
09 2 0 0 0 2 0;
10 1 0 1 0 0 0;
14 372 0 1 25 279 67;
15 34 0 0 1 33 0;
16 14 0 0 0 12 2;
17 50 0 0 3 47 0;
18 121 0 0 1 102 18;
19 27 0 0 0 26 1;
20 126 0 1 20 59 46;
21 64 0 1 0 63 0;
22 26 0 0 0 26 0;
23 7 0 0 0 3 4;
24 2 0 0 1 1 0;
25 253 0 0 4 226 23;
26 575 0 0 0 412 163;
28 6543 0 0 40 650 5853;
29 5618 0 0 40 650 4928;
30 50 0 0 0 36 14;
31 33 0 0 0 19 14;
32 2050 0 0 18 446 1586;
33 37 0 0 0 11 26;
34 2013 0 0 18 435 1560;
35 1438 0 0 18 240 1180;
36 8 0 0 0 7 1;
38 179 0 0 0 171 8;
39 9 0 0 2 5 2;
40 1 0 0 0 0 1;
41 2 0 0 0 2 0;
42 1 0 0 1 0 0;
43 5 0 0 1 3 1;
45 8 0 4 3 1 0;
46 7 0 3 3 1 0;
48 22211 0 19734 0 2477 0;
49 2034 0 2000 0 29 5;
50 7 1 6 0 0 0;
! 0000 202 02 99 08 1115;
01 609 5 3 14 583 4;
02 60 1 0 6 53 0;
03 61 1 0 6 54 0;
04 12 1 0 3 8 0;
05 3 0 0 1 2 0;
07 13 0 0 0 13 0;
08 28 0 0 0 28 0;
14 31 0 0 0 31 0;
15 1 0 0 0 1 0;
16 1 0 0 0 1 0;
17 1 0 0 0 1 0;
18 19 0 0 0 19 0;
19 6 0 0 0 6 0;
21 3 0 0 0 3 0;
25 16 0 0 0 16 0;
28 205 0 0 0 200 5;
29 195 0 0 0 190 5;
30 1 0 0 0 1 0;
31 1 0 0 0 1 0;
32 94 0 0 0 92 2;
34 94 0 0 0 92 2;
35 5 0 0 0 3 2;
36 87 0 0 0 87 0;
39 1 0 0 1 0 0;
40 1 0 0 1 0 0;
45 6 0 0 4 1 1;
47 2 0 0 2 0 0;
48 3880 3387 0 95 398 0;
49 3686 3529 0 79 78 0;
50 10 10 0 0 0 0;
! 0000 202 02 99 08 1170;
01 346 34 13 17 280 2;
02 106 0 1 3 100 2;
03 106 0 1 3 100 2;
04 7 0 1 0 6 0;
05 9 0 0 2 7 0;
07 16 0 0 0 16 0;
08 32 0 0 0 32 0;
09 1 0 0 0 1 0;
12 2 0 0 0 0 2;
13 2 0 0 0 0 2;
14 75 0 0 2 73 0;
15 18 0 0 2 16 0;
16 10 0 0 0 10 0;
17 12 0 0 0 12 0;
18 15 0 0 0 15 0;
19 14 0 0 0 14 0;
20 5 0 0 0 5 0;
21 4 0 0 0 4 0;
22 2 0 0 0 2 0;
23 2 0 0 0 0 2;
24 1 0 0 0 0 1;
25 33 0 0 2 25 6;
26 33 0 0 0 0 33;
28 397 0 0 0 394 3;
29 179 0 0 0 176 3;
30 3 0 0 0 0 3;
31 3 0 0 0 0 3;
32 152 0 0 0 137 15;
33 10 0 0 0 0 10;
34 136 0 0 0 131 5;
35 77 0 0 0 75 2;
36 4 0 0 0 4 0;
38 4 0 0 0 2 2;
39 2 0 0 0 2 0;
40 1 0 0 0 1 0;
44 1 0 0 0 1 0;
45 1 0 0 1 0 0;
47 1 0 0 1 0 0;
49 1 0 0 1 0 0;
50 11 10 1 0 0 0;
! 0000 202 02 99 08 1178;
01 209 0 5 7 194 3;
02 77 0 1 6 67 3;
03 169 0 3 11 151 4;
04 1 0 1 0 0 0;
05 36 0 0 4 30 2;
06 23 0 0 1 22 0;
07 31 0 0 2 27 2;
08 10 0 1 1 8 0;
12 1 0 1 0 0 0;
13 1 0 1 0 0 0;
14 90 0 0 7 80 3;
15 13 0 0 1 11 1;
16 22 0 0 2 20 0;
17 31 0 0 2 29 0;
18 21 0 0 2 17 2;
19 1 0 0 0 1 0;
20 2 0 0 0 2 0;
21 18 0 0 0 18 0;
22 4 0 0 0 4 0;
23 1 0 0 0 0 1;
25 52 0 1 2 47 2;
26 220 0 0 220 0 0;
28 965 0 0 288 666 11;
29 443 0 0 153 284 6;
30 7 0 0 0 0 7;
31 2 0 0 0 0 2;
32 371 0 0 140 227 4;
33 35 0 0 35 0 0;
34 336 0 0 105 227 4;
35 207 0 0 72 132 3;
36 76 0 0 67 9 0;
38 3 0 0 0 0 3;
39 3 0 2 0 1 0;
43 2 0 2 0 0 0;
44 1 0 0 0 1 0;
48 467 0 467 0 0 0;
49 1346 0 1307 0 39 0;
! 0000 202 02 99 08 1199;
01 214 0 5 23 186 0;
02 65 0 1 4 60 0;
03 65 0 1 4 60 0;
04 8 0 1 0 7 0;
05 4 0 0 1 3 0;
07 38 0 0 3 35 0;
08 5 0 0 0 5 0;
14 83 0 0 1 82 0;
15 9 0 0 0 9 0;
16 10 0 0 0 10 0;
17 1 0 0 0 1 0;
18 29 0 0 1 28 0;
19 15 0 0 0 15 0;
21 19 0 0 19 0 0;
22 3 0 0 3 0 0;
23 1 0 0 1 0 0;
24 2 0 0 0 2 0;
25 4 0 0 0 4 0;
26 2850 0 0 1 76 2773;
27 2773 0 0 0 0 2773;
28 155 0 0 0 155 0;
29 155 0 0 0 155 0;
30 155 0 0 0 155 0;
32 4720 0 0 0 106 4614;
33 2360 0 0 0 53 2307;
34 2360 0 0 0 53 2307;
35 53 0 0 0 53 0;
36 53 0 0 0 53 0;
39 60 0 0 9 51 0;
40 5 0 0 5 0 0;
41 4 0 0 4 0 0;
45 5 0 0 5 0 0;
46 4 0 0 4 0 0;
47 1 0 0 1 0 0;
49 261 0 0 261 0 0;
50 6 0 0 6 0 0;
! 0000 202 02 99 08 172;
01 525 0 0 5 519 1;
02 257 0 0 4 252 1;
03 260 0 0 4 255 1;
04 3 0 0 0 3 0;
05 11 0 0 2 9 0;
07 30 0 0 0 30 0;
08 53 0 0 2 51 0;
14 182 0 0 2 179 1;
15 36 0 0 0 35 1;
16 30 0 0 1 29 0;
17 44 0 0 0 44 0;
18 47 0 0 0 47 0;
19 21 0 0 1 20 0;
20 4 0 0 0 4 0;
21 30 0 0 0 30 0;
22 5 0 0 0 5 0;
25 192 0 0 4 187 1;
28 2104 0 0 112 1992 0;
29 1724 0 0 0 1724 0;
32 2391 0 0 81 2310 0;
34 2391 0 0 81 2310 0;
35 1101 0 0 0 1101 0;
36 1099 0 0 81 1018 0;
38 49 0 0 0 49 0;
39 6 0 0 2 4 0;
40 4 0 0 2 2 0;
44 2 0 0 0 2 0;
45 1 0 0 1 0 0;
46 1 0 0 1 0 0;
49 102 0 0 0 102 0;
! 0000 202 02 99 08 1154;
01 206 17 3 8 170 8;
02 85 2 1 2 72 8;
03 85 2 1 2 72 8;
04 4 1 0 1 0 2;
05 9 0 0 0 4 5;
07 5 0 0 0 5 0;
09 1 0 0 0 0 1;
12 1 0 1 0 0 0;
13 1 0 1 0 0 0;
14 72 0 0 0 72 0;
15 4 0 0 0 4 0;
16 16 0 0 0 16 0;
17 26 0 0 0 26 0;
18 5 0 0 0 5 0;
19 21 0 0 0 21 0;
21 5 0 0 0 5 0;
22 5 0 0 0 5 0;
23 5 0 0 0 0 5;
24 5 0 0 0 0 5;
25 11 0 1 0 0 10;
26 2314 0 10 0 0 2304;
28 64 0 5 4 39 16;
29 26 0 3 0 23 0;
30 16 0 0 0 0 16;
31 16 0 0 0 0 16;
32 505 0 7 3 25 470;
33 467 0 3 0 0 464;
34 38 0 4 3 25 6;
35 17 0 1 0 10 6;
38 6 0 0 0 3 3;
39 8 0 1 0 2 5;
40 4 0 1 0 2 1;
41 2 0 0 0 0 2;
44 2 0 0 0 0 2;
45 3 0 0 1 0 2;
46 1 0 0 0 0 1;
48 584 0 0 182 0 402;
49 38 0 0 0 1 37;
50 10 6 4 0 0 0;
! 0000 202 02 99 08 1133;
01 379 2 1 19 357 0;
02 153 1 0 4 148 0;
03 161 1 0 8 152 0;
04 22 1 0 4 17 0;
05 23 0 0 3 20 0;
06 3 0 0 1 2 0;
07 18 0 0 0 18 0;
08 17 0 0 0 17 0;
09 2 0 0 0 2 0;
14 99 0 0 2 97 0;
15 12 0 0 1 11 0;
16 33 0 0 0 33 0;
17 15 0 0 0 15 0;
18 27 0 0 0 27 0;
19 9 0 0 0 9 0;
21 15 0 0 1 14 0;
22 13 0 0 1 12 0;
23 1 0 0 0 0 1;
25 76 0 0 3 72 1;
26 6029 0 0 6028 0 1;
28 1789 0 0 882 895 12;
29 129 0 0 0 117 12;
30 12 0 0 0 0 12;
31 12 0 0 0 0 12;
32 2196 0 0 1916 280 0;
33 1784 0 0 1784 0 0;
34 411 0 0 132 279 0;
35 103 0 0 0 103 0;
36 11 0 0 0 11 0;
38 4 0 0 0 4 0;
39 3 1 0 2 0 0;
40 2 0 0 2 0 0;
43 1 1 0 0 0 0;
45 4 1 0 3 0 0;
47 1 1 0 0 0 0;
48 9673 0 0 9673 0 0;
49 4 0 0 0 4 0;
50 5 2 1 1 1 0;
! 0000 202 02 99 08 1181;
01 193 2 5 25 147 14;
02 97 1 2 4 78 12;
03 97 1 2 4 78 12;
04 6 1 1 1 3 0;
05 41 0 0 0 30 11;
07 15 0 0 0 15 0;
08 8 0 0 1 7 0;
14 96 0 2 4 78 12;
15 48 0 0 0 36 12;
16 1 0 0 0 1 0;
17 3 0 0 0 3 0;
18 20 0 0 3 17 0;
19 17 0 0 0 17 0;
20 7 0 2 1 4 0;
21 48 0 2 1 45 0;
22 43 0 0 1 42 0;
23 3 0 0 1 2 0;
25 60 0 0 20 31 9;
26 59 0 0 20 31 8;
27 25 0 0 0 24 1;
28 2764 0 0 2618 140 6;
29 2763 0 0 2618 140 5;
30 2643 0 0 2615 23 5;
31 11 0 0 0 6 5;
32 3614 0 0 3417 174 23;
33 1389 0 0 1290 87 12;
34 2225 0 0 2127 87 11;
35 1379 0 0 1290 87 2;
36 1305 0 0 1290 13 2;
37 839 0 0 837 0 2;
38 2 0 0 0 0 2;
39 14 0 0 14 0 0;
40 7 0 0 7 0 0;
41 3 0 0 3 0 0;
42 1 0 0 1 0 0;
43 2 0 0 2 0 0;
44 1 0 0 1 0 0;
45 2 1 0 0 0 1;
46 2 1 0 0 0 1;
48 4327 4120 0 194 13 0;
49 13 0 0 4 9 0;
50 1 1 0 0 0 0;
! 0000 202 02 99 08 1188;
01 324 1 2 6 299 16;
02 37 1 1 1 23 11;
03 55 1 1 1 29 23;
04 1 0 0 1 0 0;
05 17 0 0 0 12 5;
06 6 0 0 0 0 6;
07 24 0 0 0 14 10;
08 1 0 0 0 1 0;
09 2 0 0 0 0 2;
14 20 0 0 0 9 11;
15 2 0 0 0 0 2;
16 6 0 0 0 3 3;
18 8 0 0 0 4 4;
19 2 0 0 0 2 0;
21 1 0 0 0 1 0;
23 2 0 0 0 0 2;
25 24 0 0 0 15 9;
26 341 0 0 0 0 341;
27 341 0 0 0 0 341;
28 40 0 0 0 19 21;
29 38 0 0 0 17 21;
30 22 0 0 0 1 21;
31 22 0 0 0 1 21;
32 89 0 0 0 6 83;
33 76 0 0 0 0 76;
34 13 0 0 0 6 7;
35 12 0 0 0 6 6;
36 4 0 0 0 0 4;
39 1 0 0 0 0 1;
40 1 0 0 0 0 1;
45 1 0 1 0 0 0;
46 1 0 1 0 0 0;
50 1 1 0 0 0 0;
! 0000 202 02 99 08 1164;
01 381 2 6 28 341 4;
02 99 0 0 2 95 2;
03 99 0 0 2 95 2;
05 12 0 0 0 10 2;
06 1 0 0 1 0 0;
07 2 0 0 0 2 0;
08 33 0 0 1 32 0;
14 82 0 0 2 80 0;
15 28 0 0 0 28 0;
16 1 0 0 0 1 0;
17 20 0 0 0 20 0;
18 31 0 0 1 30 0;
19 2 0 0 1 1 0;
21 20 0 0 1 19 0;
22 1 0 0 1 0 0;
23 1 0 1 0 0 0;
28 9134 0 0 91 408 8635;
29 408 0 0 0 408 0;
32 2185 0 0 54 431 1700;
34 2185 0 0 54 431 1700;
35 431 0 0 0 431 0;
45 2 1 0 0 0 1;
46 1 0 0 0 0 1;
47 1 1 0 0 0 0;
49 26 0 0 5 21 0;
! 0000 202 02 99 08 1169;
01 55 0 23 13 7 12;
02 48 0 23 13 4 8;
03 63 0 23 15 5 20;
04 10 0 8 2 0 0;
05 10 0 0 3 0 7;
08 14 0 0 5 3 6;
09 14 0 0 5 2 7;
14 34 0 0 10 9 15;
15 22 0 0 5 5 12;
16 12 0 0 0 0 12;
21 2 0 2 0 0 0;
23 2 0 0 0 0 2;
24 6 0 0 0 0 6;
25 24 0 0 0 0 24;
26 1020 0 0 0 0 1020;
28 2980 0 0 1900 1080 0;
29 1630 0 0 1450 180 0;
30 800 0 0 800 0 0;
31 800 0 0 800 0 0;
32 798 0 0 203 260 335;
33 235 0 0 0 0 235;
34 563 0 0 203 260 100;
35 122 0 0 0 122 0;
36 88 0 0 0 88 0;
38 34 0 0 0 34 0;
39 1 0 0 0 0 1;
45 2 0 1 1 0 0;
46 2 0 1 1 0 0;
48 1343 0 1343 0 0 0;
! 0000 202 02 99 08 1165;
01 1090 4 4 18 1059 5;
03 627 0 1 8 611 7;
04 49 0 1 1 47 0;
05 75 0 0 1 72 2;
06 44 0 0 0 44 0;
07 282 0 0 6 276 0;
08 115 0 0 0 113 2;
09 9 0 0 0 6 3;
10 6 0 0 0 6 0;
12 3 0 0 0 3 0;
13 3 0 0 0 3 0;
14 313 0 0 1 310 2;
15 13 0 0 0 11 2;
16 3 0 0 0 3 0;
17 36 0 0 0 36 0;
18 131 0 0 0 131 0;
19 46 0 0 0 46 0;
21 3 0 1 1 1 0;
22 2 0 1 0 1 0;
23 23 0 0 0 20 3;
24 6 0 0 0 6 0;
25 127 0 0 0 122 5;
26 4716 3000 0 0 1550 166;
27 823 0 0 0 823 0;
28 1894 0 0 0 1872 22;
29 978 0 0 0 978 0;
30 912 0 0 0 890 22;
31 177 0 0 0 177 0;
32 613 366 0 0 205 42;
33 78 0 0 0 45 33;
34 160 0 0 0 151 9;
35 138 0 0 0 129 9;
36 33 0 0 0 33 0;
38 16 0 0 0 16 0;
39 12 0 0 0 8 4;
40 7 0 0 0 5 2;
41 3 0 0 0 1 2;
42 2 0 0 0 2 0;
45 4 0 0 1 2 1;
46 3 0 0 1 1 1;
49 200 173 0 0 26 1;
50 4 4 0 0 0 0;
! 0000 202 02 99 08 1136;
01 358 3 6 7 341 1;
02 134 0 1 1 131 1;
03 134 0 1 1 131 1;
04 18 0 1 1 16 0;
05 13 0 0 0 12 1;
06 11 0 0 0 11 0;
07 16 0 0 0 16 0;
08 76 0 0 0 76 0;
14 75 0 0 1 73 1;
16 4 0 0 0 4 0;
17 3 0 0 0 3 0;
18 49 0 0 0 49 0;
19 17 0 0 0 16 1;
21 11 0 0 0 11 0;
22 10 0 0 0 10 0;
23 3 0 0 0 0 3;
25 55 0 0 0 52 3;
26 106 0 0 0 0 106;
28 4965 0 0 4271 654 40;
29 4924 0 0 4271 653 0;
30 40 0 0 0 0 40;
31 40 0 0 0 0 40;
32 2039 0 0 1661 322 56;
33 36 0 0 0 0 36;
34 1947 0 0 1661 266 20;
35 1907 0 0 1621 266 20;
36 110 0 0 0 110 0;
37 1 0 0 1 0 0;
39 1 0 0 1 0 0;
40 1 0 0 1 0 0;
48 27 0 0 27 0 0;
49 97 0 0 0 97 0;
50 1 1 0 0 0 0;
! 0000 202 02 99 08 1189;
01 386 0 0 6 380 0;
02 109 0 0 3 106 0;
03 109 0 0 3 106 0;
04 5 0 0 0 5 0;
05 13 0 0 1 12 0;
06 3 0 0 0 3 0;
07 13 0 0 0 13 0;
14 25 0 0 1 24 0;
15 1 0 0 0 1 0;
16 8 0 0 0 8 0;
17 9 0 0 1 8 0;
19 4 0 0 0 4 0;
20 3 0 0 0 3 0;
21 3 0 0 0 3 0;
25 29 0 0 0 23 6;
26 56 0 0 0 0 56;
27 56 0 0 0 0 56;
28 9 0 0 0 0 9;
29 9 0 0 0 0 9;
30 3 0 0 0 0 3;
31 3 0 0 0 0 3;
32 13 0 0 0 2 11;
33 9 0 0 0 0 9;
34 4 0 0 0 2 2;
35 2 0 0 0 0 2;
39 4 0 0 0 0 4;
40 3 0 0 0 0 3;
43 1 0 0 0 0 1;
45 4 0 0 0 0 4;
48 319 0 132 187 0 0;
49 211659 61058 150601 0 0 0;
50 8 6 2 0 0 0;
! 0000 202 02 99 08 1187;
01 293 0 1 13 277 2;
02 118 0 0 6 110 2;
03 186 0 0 6 163 17;
04 2 0 0 1 1 0;
05 48 0 0 1 46 1;
07 48 0 0 1 46 1;
08 5 0 0 0 5 0;
14 73 0 0 4 69 0;
15 20 0 0 1 19 0;
16 4 0 0 1 3 0;
17 5 0 0 2 3 0;
18 3 0 0 0 3 0;
19 40 0 0 0 40 0;
20 1 0 0 0 1 0;
21 52 0 0 1 51 0;
25 68 0 0 1 67 0;
26 19 0 0 0 19 0;
28 3868 0 0 2727 923 218;
29 748 0 0 155 375 218;
30 1 0 0 0 1 0;
31 1 0 0 0 1 0;
32 1365 0 0 580 329 456;
33 376 0 0 0 0 376;
34 989 0 0 580 329 80;
35 287 0 0 45 162 80;
36 1 0 0 0 1 0;
38 12 0 0 0 12 0;
45 4 0 0 2 2 0;
46 1 0 0 0 1 0;
48 118 0 0 0 118 0;
49 44 0 0 0 44 0;
50 2 0 2 0 0 0;
! 0000 202 02 99 08 1190;
01 191 7 87 5 92 0;
02 84 3 20 2 59 0;
03 86 3 20 2 60 1;
04 2 0 2 0 0 0;
05 28 0 1 0 27 0;
06 1 0 1 0 0 0;
07 4 0 1 0 3 0;
09 1 0 1 0 0 0;
12 1 0 1 0 0 0;
14 58 0 0 0 58 0;
15 25 0 0 0 25 0;
18 26 0 0 0 26 0;
19 7 0 0 0 7 0;
21 13 0 0 0 13 0;
23 5 1 1 0 3 0;
24 1 0 1 0 0 0;
25 70 1 1 2 65 1;
26 7362 0 2 0 0 7360;
28 3904 0 15 0 15 3874;
29 3904 0 15 0 15 3874;
30 1289 0 15 0 0 1274;
31 1289 0 15 0 0 1274;
32 2942 0 6 0 0 2936;
33 1619 0 0 0 0 1619;
34 1323 0 6 0 0 1317;
35 1323 0 6 0 0 1317;
37 176 0 0 0 0 176;
39 15 0 10 2 2 1;
43 9 0 7 2 0 0;
44 2 0 0 0 2 0;
45 10 0 7 1 1 1;
46 1 0 1 0 0 0;
47 4 0 4 0 0 0;
48 10276 0 10163 2456 129 0;
49 2639 0 2639 0 17 0;
50 8 2 5 0 1 0;
! 0000 202 02 99 08 1132;
01 456 5 5 52 184 210;
02 152 0 3 9 96 44;
03 277 0 8 18 184 67;
04 12 0 0 5 2 5;
05 18 0 2 1 8 7;
06 2 0 0 0 0 2;
07 35 0 0 3 23 9;
08 3 0 0 0 3 0;
14 265 0 8 13 182 62;
15 14 7 0 0 1 6;
16 74 0 1 3 57 13;
17 58 0 0 3 42 13;
18 35 0 0 3 23 9;
19 36 0 0 2 25 9;
20 53 0 5 2 34 12;
21 3 0 0 0 2 1;
23 3 0 2 0 1 0;
25 157 0 3 13 98 43;
26 345 0 170 0 175 0;
27 170 0 170 0 0 0;
28 1459 0 86 400 902 71;
29 748 0 0 273 404 71;
30 397 0 86 0 311 0;
32 693 0 16 177 467 33;
33 92 0 7 0 85 0;
34 596 0 9 177 377 33;
35 400 0 0 146 221 33;
36 93 0 0 0 93 0;
38 92 0 7 0 85 0;
39 4 0 0 3 1 0;
40 1 0 0 1 0 0;
43 1 0 0 0 1 0;
44 2 0 0 2 0 0;
45 2 0 0 0 1 1;
48 1471 0 0 1293 98 80;
49 269 0 0 136 2 131;
50 1 1 0 0 0 0;
! 0000 202 02 99 08 1163;
01 145 2 14 43 86 0;
02 134 2 12 40 80 0;
03 184 3 20 53 90 18;
04 10 1 4 2 3 0;
05 24 0 0 3 10 11;
07 29 0 1 5 16 7;
08 20 0 0 3 17 0;
14 136 3 14 56 63 0;
16 62 0 6 23 33 0;
17 38 0 4 16 18 0;
18 6 0 1 0 5 0;
19 22 0 3 12 7 0;
20 8 3 0 5 0 0;
21 17 0 0 1 16 0;
23 1 0 0 0 0 1;
25 119 0 0 0 0 119;
26 2000 0 0 2000 0 0;
28 6190 0 0 1248 4942 0;
29 4581 0 0 750 3831 0;
32 1212 0 2 286 834 90;
33 126 0 0 36 0 90;
34 1086 0 2 250 834 0;
35 182 0 2 32 148 0;
48 187 0 0 108 79 0;
49 120 0 0 81 39 0;
! 0000 202 02 99 08 1166;
01 235 8 8 39 178 2;
02 171 0 1 14 154 2;
03 176 0 1 14 154 7;
04 12 0 0 1 10 1;
05 16 0 0 0 14 2;
06 18 0 0 4 13 1;
07 95 0 0 7 87 1;
08 27 0 0 2 25 0;
09 2 0 0 0 0 2;
14 105 0 0 11 92 2;
15 17 0 0 0 15 2;
16 4 0 0 0 4 0;
17 14 0 0 3 11 0;
18 68 0 0 9 59 0;
19 2 0 0 0 2 0;
21 51 0 1 4 46 0;
22 15 0 1 0 14 0;
23 3 0 0 0 0 3;
24 2 0 0 0 0 2;
25 109 0 1 11 93 4;
26 580 0 0 0 0 580;
28 1745 0 0 530 1211 4;
29 945 0 0 265 676 4;
30 4 0 0 0 0 4;
31 4 0 0 0 0 4;
32 948 0 0 265 577 106;
33 104 0 0 0 0 104;
34 844 0 0 265 577 2;
35 473 0 0 133 338 2;
36 236 0 0 50 186 0;
38 2 0 0 0 0 2;
39 10 0 1 3 3 3;
40 4 0 0 0 3 1;
41 1 0 0 0 0 1;
43 2 0 1 0 0 1;
44 2 0 0 2 0 0;
45 8 0 2 0 2 4;
46 4 0 1 0 0 3;
48 4164 0 0 199 1627 2338;
49 90 0 0 4 86 0;
50 7 7 0 0 0 0;
! 0000 202 02 99 08 1134;
01 240 1 4 4 229 2;
02 149 1 1 2 143 2;
03 247 3 1 2 237 4;
05 22 2 0 0 20 0;
06 14 0 0 0 14 0;
07 86 0 0 0 84 2;
14 128 0 0 0 127 1;
15 52 0 0 0 52 0;
16 37 0 0 0 37 0;
17 39 0 0 0 39 0;
18 75 0 0 0 75 0;
19 7 0 0 0 7 0;
20 17 1 1 0 14 1;
21 16 0 0 0 16 0;
22 2 0 0 0 2 0;
23 1 0 0 0 1 0;
24 90 0 0 1 89 0;
25 94 0 0 1 93 0;
26 1 0 0 0 1 0;
28 534 0 0 0 494 40;
29 228 0 0 0 188 40;
30 213 0 0 0 213 0;
31 213 0 0 0 213 0;
32 199 0 0 0 175 24;
34 199 0 0 0 175 24;
35 156 0 0 0 132 24;
38 90 0 0 0 66 24;
45 2 0 0 0 2 0;
47 2 0 0 0 2 0;
49 29 0 0 0 29 0;
50 2 1 1 0 0 0;
! 0000 202 02 99 08 1192;
01 628 13 20 43 543 9;
02 153 7 11 8 119 8;
03 163 7 13 6 119 18;
04 55 7 5 3 37 3;
05 26 0 0 2 11 13;
06 2 0 0 0 1 1;
07 9 0 0 0 8 1;
14 76 0 2 0 50 24;
19 6 0 0 0 6 0;
20 76 0 2 0 50 24;
21 61 0 2 0 44 15;
22 1 0 0 0 1 0;
23 1 0 0 0 0 1;
24 2 0 0 0 0 2;
25 28 1 0 0 11 16;
26 3448 0 2928 0 0 520;
27 520 0 0 0 0 520;
28 5235 0 0 329 4446 460;
29 3843 0 0 0 3383 460;
30 35 0 0 0 0 35;
32 5135 0 4585 143 355 52;
33 4727 0 4585 0 142 0;
34 318 0 0 53 213 52;
35 176 0 0 0 133 43;
36 12 0 0 0 0 12;
38 20 0 0 0 7 13;
39 5 0 0 0 3 2;
40 2 0 0 0 2 0;
41 1 0 0 0 0 1;
42 1 0 0 0 0 1;
43 1 0 0 0 1 0;
45 21 3 4 3 5 6;
46 3 0 0 1 2 0;
47 1 0 0 0 0 1;
48 11502 2408 1806 987 184 6117;
49 734 0 0 577 158 0;
50 20 8 12 0 0 0;
! 0000 202 02 99 08 1183;
01 67 1 1 2 57 6;
02 41 1 1 2 31 6;
03 41 1 1 2 31 6;
04 4 1 1 0 0 2;
05 1 0 0 0 1 0;
06 2 0 0 0 2 0;
07 5 0 0 0 5 0;
14 64 0 0 2 62 0;
17 46 0 0 0 46 0;
18 17 0 0 2 15 0;
25 47 0 1 2 44 0;
39 13 0 3 6 0 4;
40 4 0 0 2 0 2;
42 1 0 1 0 0 0;
43 5 0 2 3 0 0;
44 3 0 0 1 0 2;
45 40 0 6 30 0 4;
48 908 468 257 0 0 183;
49 6193 1808 3726 0 614 45;
50 2 2 0 0 0 0;
! 0000 202 02 99 08 1110;
01 81 0 0 1 79 1;
02 26 0 0 0 25 1;
03 26 0 0 0 25 1;
04 2 0 0 0 2 0;
06 21 0 0 0 21 0;
07 2 0 0 0 1 1;
08 1 0 0 0 1 0;
14 26 0 0 0 26 0;
15 4 0 0 0 4 0;
16 6 0 0 0 6 0;
17 8 0 0 0 8 0;
18 5 0 0 0 5 0;
19 3 0 0 0 3 0;
21 2 0 0 0 2 0;
25 26 0 0 0 25 1;
28 73 0 0 0 69 4;
29 73 0 0 0 69 4;
32 44 0 0 0 42 2;
34 44 0 0 0 42 2;
35 43 0 0 0 42 1;
39 1 0 0 0 1 0;
44 1 0 0 0 1 0;
48 166 0 0 0 166 0;
49 54 0 0 54 0 0;
50 1 1 0 0 0 0;
! 0000 202 02 99 08 1179;
01 45 2 41 2 0 0;
02 5 1 4 0 0 0;
03 5 1 2 1 1 0;
04 3 0 1 1 1 0;
12 2 1 1 0 0 0;
21 27 0 1 0 26 0;
22 10 1 2 0 7 0;
26 39 0 39 0 0 0;
28 1428 0 1420 0 8 0;
32 646 0 643 0 3 0;
33 8 0 8 0 0 0;
34 638 0 635 0 3 0;
36 3 0 0 0 3 0;
39 6 0 1 2 3 0;
40 1 0 0 1 0 0;
43 2 0 1 1 0 0;
44 3 0 0 0 3 0;
45 6 0 2 2 2 0;
48 498 0 0 469 29 0;
49 111 0 77 0 134 0;
50 2 1 1 0 0 0;
! 0000 202 02 99 08 1104;
01 807 7 20 276 498 6;
02 781 0 6 271 498 6;
03 885 0 6 303 563 13;
04 9 0 6 3 0 0;
05 88 0 0 18 63 7;
06 21 0 0 0 15 6;
07 159 0 0 34 125 0;
08 86 0 0 12 74 0;
21 32 0 0 14 18 0;
23 3 0 0 0 0 3;
26 199 0 0 0 0 199;
28 23592 0 0 0 0 23592;
29 6248 0 0 0 0 6248;
32 7528 0 0 0 0 7528;
33 937 0 0 0 0 937;
34 4409 0 0 0 0 4409;
35 2172 0 0 0 0 2172;
39 8 0 0 0 0 8;
42 4 0 0 0 0 4;
43 4 0 0 0 0 4;
45 7 0 0 0 0 7;
48 3501 0 3497 6 0 0;
50 5 0 0 0 0 5;
! 0000 202 02 99 08 1103;
01 2766 32 134 165 2413 22;
02 899 9 30 39 816 5;
03 1155 9 30 245 845 26;
04 229 5 18 8 183 15;
05 150 0 1 6 140 3;
06 75 0 0 13 59 3;
07 246 0 3 4 236 3;
08 358 0 1 214 141 2;
12 2 0 2 0 0 0;
13 1 0 1 0 0 0;
14 813 0 1 10 800 2;
15 79 0 0 0 79 0;
16 256 0 0 9 247 0;
17 148 0 0 0 148 0;
18 226 0 1 1 222 2;
19 84 0 0 0 84 0;
20 20 0 0 0 20 0;
21 103 0 6 11 86 0;
22 66 0 1 11 54 0;
23 9 0 3 0 3 3;
25 186 0 5 1 172 8;
26 1160 0 60 0 10 1090;
27 10 0 0 0 10 0;
28 8018 0 1781 1762 3834 641;
29 5442 0 1081 657 3063 641;
30 2587 0 1108 76 1034 369;
31 2455 0 1108 0 1020 327;
32 3088 0 493 781 1365 449;
33 280 0 19 0 4 257;
34 2808 0 474 781 1361 192;
35 2020 0 334 331 1171 184;
36 1301 0 208 6 903 184;
38 498 0 208 6 276 8;
39 27 1 9 6 4 7;
40 12 0 2 3 3 4;
43 12 1 7 2 0 2;
44 3 0 0 1 1 1;
45 11 0 2 1 1 7;
46 1 0 0 1 0 0;
48 27342 3362 21844 923 249 964;
49 9996 2371 3556 839 1251 1979;
50 13 13 0 0 0 0;
! 0000 202 02 99 08 1130;
01 62 0 3 15 40 4;
02 47 0 1 8 35 3;
03 47 0 1 8 35 3;
04 8 0 1 3 4 0;
05 4 0 0 1 3 0;
07 1 0 0 1 0 0;
08 1 0 0 0 1 0;
14 12 0 0 4 8 0;
16 1 0 0 1 0 0;
17 6 0 0 1 5 0;
18 1 0 0 1 0 0;
19 4 0 0 1 3 0;
22 4 0 0 3 1 0;
23 3 0 0 3 0 0;
26 12 0 0 4 8 0;
28 624 0 0 531 93 0;
29 624 0 0 531 93 0;
30 131 0 0 58 73 0;
32 504 0 0 400 104 0;
33 252 0 0 200 52 0;
34 252 0 0 200 52 0;
35 252 0 0 200 52 0;
36 97 0 0 51 46 0;
37 6 0 0 0 6 0;
39 5 0 0 4 1 0;
40 3 0 0 2 1 0;
44 2 0 0 2 0 0;
45 2 0 0 2 0 0;
46 1 0 0 1 0 0;
47 1 0 0 1 0 0;
50 10 0 0 2 8 0;
! 0000 202 02 99 08 1156;
01 1051 53 30 62 899 7;
02 259 1 1 7 250 0;
03 283 1 1 9 272 0;
04 116 0 0 0 116 0;
05 50 0 0 4 46 0;
06 2 0 0 0 2 0;
07 34 0 1 0 33 0;
08 6 0 0 0 6 0;
09 2 0 0 2 0 0;
11 1 1 0 0 0 0;
14 79 1 0 0 78 0;
15 12 0 0 0 12 0;
16 22 0 0 0 22 0;
17 10 1 0 0 9 0;
18 16 0 0 0 16 0;
19 10 0 0 0 10 0;
21 7 0 0 0 7 0;
22 4 0 0 0 4 0;
25 11 1 0 0 10 0;
26 397 0 0 0 22 375;
28 4535 0 0 2510 1650 375;
29 2039 0 0 1185 854 0;
30 6 0 0 0 6 0;
31 6 0 0 0 6 0;
32 1438 0 0 927 466 45;
33 50 0 0 0 5 45;
34 1388 0 0 927 461 0;
35 905 0 0 562 343 0;
36 3 0 0 0 3 0;
38 14 0 0 0 14 0;
45 2 2 0 0 0 0;
46 2 2 0 0 0 0;
48 7900 7900 0 0 0 0;
49 488 0 412 50 26 0;
50 10 10 0 0 0 0;
! 0000 202 02 99 08 104;
01 40 0 0 4 36 0;
02 27 0 0 3 24 0;
03 27 0 0 3 24 0;
05 3 0 0 0 3 0;
08 5 0 0 1 4 0;
14 25 0 0 0 25 0;
15 17 0 0 0 17 0;
17 4 0 0 0 4 0;
18 4 0 0 0 4 0;
21 21 0 0 0 21 0;
22 6 0 0 0 6 0;
25 21 0 0 1 20 0;
28 451 0 0 259 192 0;
29 416 0 0 259 157 0;
32 271 0 0 150 121 0;
34 271 0 0 150 121 0;
35 271 0 0 150 121 0;
36 204 0 0 150 54 0;
! 0000 202 02 99 08 1174;
01 92 0 0 0 89 3;
02 67 0 0 0 65 2;
03 70 0 0 0 65 5;
04 28 0 0 0 28 0;
05 11 0 0 0 11 0;
06 8 0 0 0 8 0;
07 20 0 0 0 15 5;
14 59 0 0 0 56 3;
15 7 0 0 0 7 0;
17 8 0 0 0 8 0;
18 16 0 0 0 12 4;
19 9 0 0 0 9 0;
21 3 0 0 0 3 0;
25 33 0 0 0 33 0;
28 24 0 0 0 18 6;
29 23 0 0 0 17 6;
32 8 0 0 0 7 1;
34 7 0 0 0 6 1;
35 7 0 0 0 6 1;
36 4 0 0 0 4 0;
38 2 0 0 0 1 1;
! 0000 202 02 99 08 1;
01 4444 6 57 247 4030 104;
02 1734 3 33 105 1527 66;
03 2316 5 41 111 1924 235;
04 148 2 10 23 108 5;
05 328 2 9 18 289 10;
06 14 0 0 2 12 0;
07 284 0 3 10 263 8;
08 249 0 1 7 228 13;
09 16 0 0 2 10 4;
12 12 0 5 1 2 4;
13 8 0 1 1 2 4;
14 1064 1 6 33 935 89;
15 222 0 4 10 198 10;
16 269 0 3 8 244 14;
17 265 0 2 8 238 17;
18 295 0 3 7 272 13;
19 124 0 1 0 123 0;
20 119 0 1 7 77 34;
21 187 0 4 10 171 2;
22 82 0 0 8 70 4;
23 30 0 7 0 12 11;
24 9 1 5 0 1 2;
25 890 2 20 23 737 108;
26 50562 0 40580 4703 1719 3560;
27 589 0 61 0 12 516;
28 64536 0 22497 26152 12977 2910;
29 36886 0 19379 7073 7849 2585;
30 1320 0 351 219 415 335;
31 1125 0 230 219 414 262;
32 43469 0 18403 15883 6972 2211;
33 15450 0 8561 5240 516 1133;
34 27949 0 9842 10609 6438 1060;
35 15678 0 9688 2417 2554 1019;
36 1321 0 63 160 1023 75;
37 2 0 0 0 2 0;
38 6167 0 0 5241 883 43;
39 35 4 1 15 6 9;
40 25 1 0 15 3 6;
43 5 3 1 0 1 0;
44 5 0 0 0 2 3;
45 40 1 7 13 11 8;
46 15 1 2 5 4 3;
47 6 0 4 1 1 0;
48 27200 1614 20040 2028 3045 472;
49 16124 1038 11340 2467 1263 17;
50 39 8 13 17 0 1;
! 0000 202 02 99 08 2;
01 5122 70 187 385 4458 22;
02 1687 5 25 151 1485 21;
03 1940 9 28 160 1708 35;
04 384 4 15 38 326 1;
05 208 2 0 12 178 16;
06 81 0 0 5 73 3;
07 360 0 1 42 309 8;
08 352 0 3 10 339 0;
09 3 0 0 0 1 2;
11 3 2 1 0 0 0;
12 6 0 3 0 0 3;
13 6 0 3 0 0 3;
14 1240 0 3 33 1192 12;
15 149 0 0 7 137 5;
16 185 0 1 5 179 0;
17 178 0 0 8 170 0;
18 396 0 1 14 376 5;
19 175 0 0 0 174 1;
20 254 1 1 0 251 1;
21 205 3 5 9 188 0;
22 64 3 3 4 54 0;
23 16 0 3 0 1 12;
24 110 0 1 13 91 5;
25 718 0 12 38 635 33;
26 7010 2200 369 2925 866 650;
27 2712 0 0 2705 0 7;
28 41388 0 813 19521 11889 9165;
29 14276 0 51 1803 3629 8793;
30 8074 0 30 7124 409 511;
31 8069 0 30 7124 409 506;
32 17427 400 99 9521 3781 3626;
33 7308 0 0 7159 5 144;
34 9628 0 99 2362 3688 3479;
35 6139 0 99 668 1937 3435;
36 620 0 73 127 417 3;
38 653 0 0 8 571 74;
39 49 3 10 13 12 11;
40 18 0 1 3 9 5;
41 2 0 0 0 1 1;
42 5 0 1 2 0 2;
43 13 3 7 2 0 1;
44 7 0 1 2 2 2;
45 35 4 12 4 9 6;
46 13 2 7 0 1 3;
47 5 0 2 1 2 0;
48 75038 23130 45538 2335 1697 2338;
49 18734 9232 9234 9 257 2;
50 52 41 11 0 0 0;
! 0000 202 02 99 08 3;
01 5886 84 43 126 5614 19;
02 1033 8 9 35 969 12;
03 971 10 10 30 901 20;
04 127 6 9 11 97 4;
05 181 0 0 5 168 8;
06 58 0 0 0 58 0;
07 149 0 0 4 143 2;
08 77 0 0 3 72 2;
09 3 0 0 0 0 3;
11 2 2 0 0 0 0;
12 1 0 1 0 0 0;
13 1 0 1 0 0 0;
14 890 0 1 15 874 0;
15 98 0 0 1 97 0;
16 230 0 0 1 229 0;
17 299 0 0 0 299 0;
18 149 0 0 6 143 0;
19 145 0 0 5 140 0;
20 50 0 0 0 50 0;
21 212 1 0 9 202 0;
22 96 0 0 2 94 0;
23 13 0 0 0 0 13;
24 7 0 0 0 1 6;
25 676 0 4 14 636 22;
26 2869 0 10 0 0 2859;
27 19 0 0 0 0 19;
28 8549 0 5 5516 2887 141;
29 5734 0 3 3057 2614 60;
30 180 0 0 0 46 134;
31 180 0 0 0 46 134;
32 3456 0 7 1478 1207 764;
33 683 0 3 0 0 680;
34 2771 0 4 1478 1206 83;
35 2127 0 1 1082 987 57;
36 747 0 0 569 152 26;
37 22 0 0 0 22 0;
38 37 0 0 0 8 29;
39 41 0 6 11 18 6;
40 26 0 2 6 16 2;
41 2 0 0 0 0 2;
43 9 0 4 3 2 0;
44 3 0 0 1 0 2;
45 39 1 6 10 15 7;
46 7 0 0 1 5 1;
47 2 0 0 2 0 0;
48 25507 15641 5727 2209 1378 552;
49 16773 10617 5693 79 347 37;
50 55 45 10 0 0 0;
! 0000 202 02 99 08 4;
01 9283 57 461 450 8029 286;
02 2433 17 95 102 2156 63;
03 2750 17 93 314 2224 102;
04 448 9 48 23 351 17;
05 473 0 11 19 405 38;
06 148 0 1 15 124 8;
07 860 0 4 15 809 32;
08 497 0 1 236 258 2;
09 3 0 1 0 2 0;
10 1 0 1 0 0 0;
11 1 0 1 0 0 0;
12 7 1 6 0 0 0;
13 1 0 1 0 0 0;
14 2149 6 6 64 1973 100;
15 276 0 2 2 244 28;
16 316 0 0 9 305 2;
17 386 0 0 7 379 0;
18 692 14 1 22 631 24;
19 217 1 2 4 209 1;
20 219 0 1 21 151 46;
21 315 0 15 45 247 8;
22 141 1 5 17 110 8;
23 41 1 21 2 9 8;
24 22 2 14 4 1 1;
25 1020 7 76 96 800 41;
26 17100 0 781 70 426 15823;
27 490 0 400 70 10 10;
28 81300 0 29956 25001 15872 10471;
29 39874 0 8862 7166 14363 9483;
30 4323 0 1240 121 1238 1724;
31 3972 0 1236 0 1084 1652;
32 26300 0 5837 6814 7925 5724;
33 2813 0 115 23 51 2624;
34 23465 0 5721 6791 7853 3100;
35 15983 0 3465 4518 5303 2697;
36 8868 0 2902 3349 2431 186;
37 176 0 0 0 0 176;
38 5102 0 209 26 4836 31;
39 119 1 35 31 37 15;
40 49 0 11 15 15 8;
41 12 0 0 0 12 0;
42 2 0 1 1 0 0;
43 39 1 20 12 3 3;
44 13 0 0 3 7 3;
45 96 1 28 43 9 15;
46 10 0 5 4 1 0;
47 10 1 9 0 0 0;
48 66789 3830 55908 5398 2978 1147;
49 26808 4897 16836 1052 2104 2036;
50 43 22 16 1 1 3;
! 0000 202 02 99 08 5;
01 7536 84 100 353 6859 140;
02 2300 16 32 140 2061 51;
03 2566 16 42 156 2261 91;
04 271 11 14 28 214 4;
05 479 0 0 21 409 49;
06 42 1 0 1 33 7;
07 411 0 2 11 378 20;
08 212 0 0 7 204 1;
09 10 0 0 2 2 6;
11 1 1 0 0 0 0;
12 3 0 1 0 0 2;
13 3 0 1 0 0 2;
14 1487 5 17 76 1317 72;
15 185 0 0 7 144 34;
16 242 0 6 23 210 3;
17 385 1 4 18 361 1;
18 316 0 1 6 304 5;
19 164 0 3 12 148 1;
20 183 4 3 8 142 26;
21 187 2 3 4 163 15;
22 54 0 0 1 53 0;
23 30 0 0 0 9 21;
24 14 0 2 0 2 10;
25 878 3 2 15 659 199;
26 22651 0 3094 13603 125 5829;
27 917 0 0 0 0 917;
28 37704 0 39 15006 17944 4715;
29 26529 0 0 11061 12430 3038;
30 426 0 0 43 114 269;
31 391 0 0 43 114 234;
32 21478 0 4638 9244 4392 3204;
33 10311 0 4621 3831 240 1619;
34 10970 0 2 5322 4061 1585;
35 7530 0 2 4150 2259 1119;
36 340 0 0 0 324 16;
37 1 0 0 1 0 0;
38 77 0 0 10 42 25;
39 41 2 4 7 21 7;
40 19 0 0 5 10 4;
41 7 0 0 0 6 1;
42 3 1 0 0 1 1;
43 12 1 4 2 4 1;
45 54 6 9 14 11 14;
46 11 2 2 4 3 0;
47 6 1 1 2 1 1;
48 39765 10856 8280 11018 3494 6117;
49 215946 61058 153552 724 613 0;
50 77 39 29 1 8 0;
! 0000 202 02 99 08 6;
01 7575 15 66 412 7010 72;
02 1994 7 11 94 1846 36;
03 2661 11 14 106 2489 41;
04 273 4 4 18 242 5;
05 278 4 2 21 240 11;
06 120 0 0 0 117 3;
07 561 0 3 17 531 10;
08 773 3 1 41 720 8;
09 42 0 0 0 39 3;
10 6 0 0 0 6 0;
12 4 0 1 0 3 0;
13 3 0 0 0 3 0;
14 1900 0 2 40 1816 42;
15 160 0 0 1 147 12;
16 241 0 0 12 227 2;
17 385 0 1 1 381 2;
18 639 0 1 10 609 19;
19 203 0 0 3 193 7;
20 52 0 0 1 50 1;
21 347 61 5 9 272 0;
22 58 4 3 5 46 0;
23 38 2 7 1 25 3;
24 40 3 1 1 32 3;
25 1370 22 2 35 1235 76;
26 5818 3618 0 29 1770 401;
27 946 100 0 0 838 8;
28 20344 0 105 5462 14474 303;
29 17121 0 104 4647 12295 75;
30 1000 0 0 0 940 60;
31 235 0 0 0 212 23;
32 11776 526 31 1924 9005 290;
33 1487 160 0 11 1207 109;
34 9907 0 31 1913 7782 181;
35 7331 0 31 1267 5984 49;
36 5683 0 31 666 4966 20;
37 2 0 0 0 0 2;
38 710 0 0 128 568 14;
39 51 8 3 12 20 8;
40 29 5 0 9 10 5;
41 3 0 0 0 1 2;
42 2 0 0 0 2 0;
43 9 3 3 3 0 0;
44 8 0 0 0 7 1;
45 31 3 3 12 9 4;
46 13 1 1 6 4 1;
47 2 1 1 0 0 0;
48 4479 253 280 1310 141 2496;
49 21523 413 9613 7636 3861 1;
50 28 14 15 0 0 0;
! 0000 202 02 99 08 7;
01 6348 28 104 548 4450 1218;
02 2531 4 46 382 1998 101;
03 2892 4 59 453 2228 148;
04 403 3 20 37 326 17;
05 461 1 5 41 367 47;
06 54 0 0 5 41 8;
07 466 0 2 74 380 10;
08 161 0 0 21 133 7;
09 16 0 0 5 4 7;
10 2 0 0 0 2 0;
12 6 0 6 0 0 0;
13 1 0 1 0 0 0;
14 1526 0 14 85 1316 111;
15 264 7 0 29 187 41;
16 365 0 2 19 319 25;
17 298 0 0 5 277 16;
18 337 0 0 30 298 9;
19 166 0 0 4 153 9;
20 98 0 9 4 71 14;
21 194 0 6 16 165 7;
22 118 0 1 1 116 0;
23 25 0 10 1 4 10;
24 12 0 3 2 1 6;
25 890 0 24 42 739 85;
26 5819 2020 202 20 1010 2567;
27 743 20 190 0 31 502;
28 49539 0 171 11963 13488 23917;
29 29034 0 69 11318 11318 6329;
30 4438 0 171 3563 696 8;
31 1063 0 85 800 171 7;
32 21822 13 71 6520 6595 8623;
33 4242 7 10 1394 1139 1692;
34 14694 6 61 4449 5429 4749;
35 10785 0 27 3423 5120 2215;
36 4295 0 23 1558 2711 3;
37 890 0 0 837 51 2;
38 234 0 30 0 202 2;
39 120 1 5 32 10 72;
40 23 0 2 13 4 4;
41 4 0 0 3 1 0;
42 8 0 0 4 0 4;
43 18 0 3 9 2 4;
44 3 0 0 3 0 0;
45 37 3 3 6 11 14;
46 12 1 2 2 5 2;
47 5 0 0 3 2 0;
48 27760 4120 19417 3294 619 312;
49 2614 5 273 1021 863 452;
50 36 8 8 4 6 8;
! 0000 202 02 99 08 8;
01 2463 6 58 157 2191 51;
02 747 1 8 44 669 25;
03 801 2 6 44 714 35;
04 57 2 5 8 42 0;
05 227 0 0 9 205 13;
06 38 0 0 1 37 0;
07 160 0 0 9 146 5;
08 150 0 0 7 140 3;
09 8 0 0 1 7 0;
12 1 0 0 0 1 0;
13 1 0 0 0 1 0;
14 592 0 1 24 555 12;
15 140 0 0 5 132 3;
16 90 0 0 6 80 4;
17 98 0 1 4 88 5;
18 167 0 0 7 160 0;
19 54 0 0 2 52 0;
20 21 0 0 0 21 0;
21 101 0 0 26 75 0;
22 25 0 0 11 14 0;
23 19 0 7 6 3 3;
24 5 0 0 1 4 0;
25 164 0 4 9 138 13;
26 2946 0 41 5 89 2811;
27 2793 0 0 0 0 2793;
28 28576 0 210 11408 6336 10622;
29 14633 0 210 7546 5636 1241;
30 373 0 21 58 266 28;
31 55 0 21 0 6 28;
32 16393 0 210 5032 3974 7177;
33 2699 0 72 200 114 2313;
34 13693 0 138 4832 3859 4864;
35 6559 0 4 2401 3553 601;
36 2439 0 0 1592 279 568;
37 1419 0 5 1405 9 0;
38 195 0 0 103 37 55;
39 85 1 2 16 60 6;
40 15 0 1 8 1 5;
41 7 0 0 5 2 0;
43 7 1 1 0 5 0;
44 5 0 0 3 1 1;
45 32 2 2 13 10 5;
46 16 1 1 8 3 3;
47 7 1 0 2 4 0;
48 5428 173 1930 935 917 1473;
49 1100 3 12 612 269 202;
50 33 5 11 9 8 0;
! 0000 202 02 99 08 1100;
01 48768 350 1079 2686 42741 1912;
02 14535 61 260 1053 12786 375;
03 16974 74 294 1375 14524 707;
04 2185 41 126 186 1779 53;
05 2637 9 27 146 2263 192;
06 555 1 1 29 495 29;
07 3251 0 15 182 2959 95;
08 2472 3 6 333 2094 36;
09 101 0 1 10 65 25;
10 9 0 1 0 8 0;
11 7 5 2 0 0 0;
12 40 1 23 1 6 9;
13 24 0 8 1 6 9;
14 10923 12 50 370 10053 438;
15 1496 7 6 62 1288 133;
16 1943 0 12 83 1798 50;
17 2295 1 8 51 2194 41;
18 2992 14 7 102 2794 75;
19 1314 1 6 30 1258 19;
20 996 5 15 41 813 122;
21 1748 67 38 128 1483 32;
22 638 8 12 49 557 12;
23 212 3 55 10 63 81;
24 219 6 26 21 133 33;
25 6606 34 144 272 5579 577;
26 114775 7838 45077 21355 6005 34500;
27 9209 120 651 2775 891 4772;
28 346936 0 53796 135029 95867 62244;
29 197587 0 28678 67171 70134 31604;
30 20134 0 1813 11128 4124 3069;
31 15090 0 1602 8186 2456 2846;
32 168149 939 29296 62416 43879 31619;
33 44993 167 13382 17858 3272 10314;
34 115105 6 15898 39756 40344 19101;
35 74137 0 13317 21926 27702 11192;
36 24313 0 3092 8021 12303 897;
37 2512 0 5 2243 84 180;
38 13178 0 239 5516 7150 273;
39 542 20 67 137 184 134;
40 204 6 17 74 68 39;
41 37 0 0 8 23 6;
42 20 1 2 7 3 7;
43 113 12 44 31 17 9;
44 44 0 1 12 19 12;
45 364 21 70 115 85 73;
46 97 8 20 30 26 13;
47 43 4 17 11 10 1;
48 276698 59617 161852 28527 14269 14907;
49 324360 87263 211285 13600 9583 2747;
50 363 182 113 32 23 12;
! 0000 202 03 99 08 1157;
01 0 486 442;
03 0 37 25;
! 0000 202 03 99 08 1180;
01 27 579 394;
03 0 293 13;
! 0000 202 03 99 08 1137;
01 2 692 689;
03 0 20 20;
! 0000 202 03 99 08 1153;
01 1 4964 4410;
02 1 783 315;
03 0 2 2;
04 1 425 219;
! 0000 202 03 99 08 1175;
01 11 251 241;
02 0 190 190;
03 5 11 21;
04 0 87 87;
! 0000 202 03 99 08 171;
01 0 1061 1045;
02 0 26 26;
03 0 698 698;
04 0 10 10;
! 0000 202 03 99 08 1171;
01 97 256 242;
! 0000 202 03 99 08 157;
1 0 0 0;
! 0000 202 03 99 08 176;
01 212 34 33;
! 0000 202 03 99 08 9000;
01 0 5000 5000;
! 0000 202 03 99 08 111;
1 0 0 0;
! 0000 202 03 99 08 1198;
01 0 3613 3606;
02 0 3 3;
04 0 1 1;
! 0000 202 03 99 08 1177;
1 0 0 0;
! 0000 202 03 99 08 9998;
1 0 0 0;
! 0000 202 03 99 08 1185;
01 0 541 541;
! 0000 202 03 99 08 130;
1 0 0 0;
! 0000 202 03 99 08 1160;
01 3150 23692 2591;
02 0 918 45;
03 11 108 100;
04 0 13 13;
! 0000 202 03 99 08 1182;
01 240 4790 2309;
03 0 43 43;
! 0000 202 03 99 08 1197;
01 0 998 3;
02 0 995 0;
03 0 3 3;
04 32 32 0;
! 0000 202 03 99 08 1184;
01 12 53 53;
! 0000 202 03 99 08 1144;
1 0 0 0;
! 0000 202 03 99 08 1161;
01 15 56 48;
02 0 20 16;
03 0 1 0;
! 0000 202 03 99 08 1129;
01 0 23480 8450;
02 0 8300 8300;
04 0 3320 3320;
! 0000 202 03 99 08 1114;
01 0 492 492;
02 0 492 492;
04 0 23 23;
! 0000 202 03 99 08 1124;
01 0 256 249;
! 0000 202 03 99 08 1117;
01 0 924 57;
! 0000 202 03 99 08 1149;
01 177 4 3;
03 0 2 2;
! 0000 202 03 99 08 1168;
01 0 1617 1617;
! 0000 202 03 99 08 1112;
01 0 1186 475;
03 0 58 38;
! 0000 202 03 99 08 1111;
01 1450 170 170;
! 0000 202 03 99 08 1105;
01 11 362 360;
02 0 21 21;
03 11 278 278;
04 0 4 4;
! 0000 202 03 99 08 1142;
01 26 25 23;
03 0 2 0;
! 0000 202 03 99 08 125;
01 1 51 51;
! 0000 202 03 99 08 1173;
01 86 36 36;
03 0 4 4;
! 0000 202 03 99 08 1176;
01 1 3563 3562;
02 1 3563 3562;
04 1 1304 1303;
! 0000 202 03 99 08 1108;
01 20 2943 47;
02 0 2836 20;
03 20 76 24;
04 0 1420 16;
! 0000 202 03 99 08 1125;
01 383 792 787;
! 0000 202 03 99 08 1147;
01 0 1395 1353;
03 0 0 78;
! 0000 202 03 99 08 1120;
01 10 351 263;
03 0 289 278;
! 0000 202 03 99 08 1195;
01 80 44 8;
! 0000 202 03 99 08 1101;
01 207 533 396;
03 0 4 4;
! 0000 202 03 99 08 1119;
01 197 561 525;
02 1750 0 0;
03 70 3 0;
04 124 0 0;
! 0000 202 03 99 08 1138;
01 0 83 83;
03 0 43 43;
! 0000 202 03 99 08 1194;
01 32 76 51;
! 0000 202 03 99 08 1146;
01 82 4214 3949;
02 0 788 780;
03 0 959 942;
04 0 332 320;
! 0000 202 03 99 08 1150;
01 0 109 99;
02 0 67 67;
03 0 27 27;
04 0 35 35;
! 0000 202 03 99 08 1158;
01 2 117 22;
! 0000 202 03 99 08 1140;
01 123 3719 265;
02 0 394 207;
03 0 5 5;
04 0 108 62;
! 0000 202 03 99 08 1193;
01 376 146 146;
03 376 146 146;
! 0000 202 03 99 08 1103;
01 1140 5608 4214;
02 600 1169 1064;
03 10 550 550;
04 198 452 421;
! 0000 202 03 99 08 1118;
01 28 1095 774;
02 0 122 50;
03 27 365 291;
04 0 40 13;
! 0000 202 03 99 08 1122;
01 6551 2306 1745;
02 4451 1427 1382;
03 0 210 181;
04 1417 600 583;
! 0000 202 03 99 08 1128;
01 10 1785 1759;
03 0 41 27;
! 0000 202 03 99 08 1186;
01 0 0 18;
! 0000 202 03 99 08 1190;
01 7362 3905 3904;
03 600 15 15;
! 0000 202 03 99 08 1107;
01 135 2140 1415;
03 10 115 90;
! 0000 202 03 99 08 1115;
1 0 0 0;
! 0000 202 03 99 08 1132;
01 345 692 119;
02 0 5 5;
03 0 78 71;
04 0 2 2;
! 0000 202 03 99 08 1166;
01 0 1090 625;
02 0 1090 625;
04 0 545 313;
! 0000 202 03 99 08 1170;
01 0 18 10;
02 0 11 6;
03 0 6 3;
04 0 6 4;
! 0000 202 03 99 08 1178;
01 0 207 169;
! 0000 202 03 99 08 1199;
01 2307 155 155;
! 0000 202 03 99 08 172;
01 0 1283 1071;
03 0 715 643;
! 0000 202 03 99 08 1154;
01 2314 63 42;
03 0 80 63;
! 0000 202 03 99 08 1133;
01 0 1786 156;
02 0 27 0;
03 0 32 26;
04 0 9 0;
! 0000 202 03 99 08 1181;
01 22 2632 2631;
03 1 10 10;
! 0000 202 03 99 08 1188;
01 341 40 38;
02 320 7 7;
03 21 31 31;
04 64 3 3;
! 0000 202 03 99 08 1134;
01 1 516 445;
03 0 81 74;
! 0000 202 03 99 08 1164;
1 0 0 0;
! 0000 202 03 99 08 1169;
01 920 0 0;
03 2900 0 0;
! 0000 202 03 99 08 1165;
01 1709 1866 1008;
02 0 4 4;
03 1544 1467 609;
04 0 2 2;
! 0000 202 03 99 08 1136;
01 106 4925 4924;
02 0 21 0;
03 0 167 167;
04 0 531 0;
! 0000 202 03 99 08 1189;
01 0 6 6;
! 0000 202 03 99 08 1191;
1 0 0 0;
! 0000 202 03 99 08 1187;
01 0 632 328;
03 0 334 184;
! 0000 202 03 99 08 1141;
01 38298 25979 22894;
02 15 447 447;
03 6 3009 244;
04 0 115 115;
! 0000 202 03 99 08 1163;
01 0 7 5;
03 0 1 0;
! 0000 202 03 99 08 1192;
01 170 3050 2933;
02 0 248 248;
! 0000 202 03 99 08 1183;
1 0 0 0;
! 0000 202 03 99 08 1110;
1 0 0 0;
! 0000 202 03 99 08 1179;
1 0 0 0;
! 0000 202 03 99 08 1104;
1 0 0 0;
! 0000 202 03 99 08 1130;
1 0 0 0;
! 0000 202 03 99 08 104;
01 0 117 117;
! 0000 202 03 99 08 1127;
1 0 0 0;
! 0000 202 03 99 08 1152;
1 0 0 0;
! 0000 202 03 99 08 1145;
1 0 0 0;
! 0000 202 03 99 08 1156;
1 0 0 0;
! 0000 202 03 99 08 1174;
01 0 24 23;
03 0 13 12;
! 0000 202 03 99 08 1;
01 40247 32577 25578;
02 1765 841 654;
03 76 3353 513;
04 124 223 177;
! 0000 202 03 99 08 2;
01 108 32546 15761;
02 0 10209 9727;
03 0 1088 1046;
04 0 4203 3957;
! 0000 202 03 99 08 3;
01 2350 2631 2520;
02 0 492 492;
03 0 414 384;
04 0 23 23;
! 0000 202 03 99 08 4;
01 12027 40700 14997;
02 600 2087 1109;
03 631 844 810;
04 198 465 434;
! 0000 202 03 99 08 5;
01 7282 15435 11095;
02 4771 2847 1687;
03 48 871 741;
04 1513 1215 599;
! 0000 202 03 99 08 6;
01 1879 11514 9593;
02 1 1003 535;
03 1549 3243 2031;
04 1 524 318;
! 0000 202 03 99 08 7;
01 2559 8766 8002;
02 1 3635 3634;
03 3277 265 258;
04 1 1341 1340;
! 0000 202 03 99 08 8;
01 2338 7073 4168;
02 0 2860 44;
03 31 354 302;
04 0 1425 21;
! 0000 202 03 99 08 1100;
01 68790 156242 96714;
02 7138 23974 17882;
03 5612 10432 6085;
04 1837 9419 6869;
