! 0000 057 01 99 08 0104;
1 13 5;
2 13 5;
3 0 0;
! 0000 057 01 99 08 0105;
1 15 0;
2 15 0;
3 0 0;
! 0000 057 01 99 08 0111;
1 21 0;
2 21 0;
3 0 0;
! 0000 057 01 99 08 0125;
1 628 36;
2 568 26;
3 60 10;
! 0000 057 01 99 08 0130;
1 15 7;
2 15 7;
3 0 0;
! 0000 057 01 99 08 0157;
1 105 25;
2 93 23;
3 12 2;
! 0000 057 01 99 08 0171;
1 2472 856;
2 2139 829;
3 333 27;
! 0000 057 01 99 08 0172;
1 88 26;
2 88 26;
3 0 0;
! 0000 057 01 99 08 0176;
1 18 8;
2 16 6;
3 2 2;
! 0000 057 01 99 08 0504;
1 3656 1085;
2 3468 1007;
3 188 78;
! 0000 057 01 99 08 0511;
1 710 252;
2 615 224;
3 95 28;
! 0000 057 01 99 08 0525;
1 7530 1884;
2 6652 1828;
3 878 56;
! 0000 057 01 99 08 0530;
1 2396 658;
2 2396 658;
3 0 0;
! 0000 057 01 99 08 0557;
1 3005 766;
2 2609 614;
3 396 152;
! 0000 057 01 99 08 0571;
1 917 564;
2 611 420;
3 306 144;
! 0000 057 01 99 08 0576;
1 1416 348;
2 718 193;
3 698 155;
! 0000 057 01 99 08 1100;
1 212191 52730;
2 189867 46647;
3 22324 6083;
! 0000 057 01 99 08 1101;
1 8211 1417;
2 7359 1286;
3 852 131;
! 0000 057 01 99 08 1103;
1 5046 1542;
2 4368 1342;
3 678 200;
! 0000 057 01 99 08 1104;
1 3684 1090;
2 3496 1012;
3 188 78;
! 0000 057 01 99 08 1105;
1 8051 2611;
2 7380 2387;
3 671 224;
! 0000 057 01 99 08 1107;
1 3346 1595;
2 2921 1498;
3 425 97;
! 0000 057 01 99 08 1108;
1 2347 574;
2 1565 431;
3 782 143;
! 0000 057 01 99 08 1110;
1 1478 341;
2 1262 309;
3 216 32;
! 0000 057 01 99 08 1111;
1 731 252;
2 636 224;
3 95 28;
! 0000 057 01 99 08 1112;
1 1066 219;
2 1014 211;
3 52 8;
! 0000 057 01 99 08 1114;
1 2213 134;
2 1947 120;
3 266 14;
! 0000 057 01 99 08 1115;
1 2222 676;
2 1880 603;
3 342 73;
! 0000 057 01 99 08 1117;
1 1640 698;
2 780 260;
3 860 438;
! 0000 057 01 99 08 1118;
1 17725 3603;
2 17249 3537;
3 476 66;
! 0000 057 01 99 08 1119;
1 1844 159;
2 1646 131;
3 198 28;
! 0000 057 01 99 08 1120;
1 1790 621;
2 1685 591;
3 105 30;
! 0000 057 01 99 08 1122;
1 3223 1143;
2 2789 1046;
3 434 97;
! 0000 057 01 99 08 1124;
1 2425 361;
2 2292 301;
3 133 60;
! 0000 057 01 99 08 1125;
1 8158 1920;
2 7220 1854;
3 938 66;
! 0000 057 01 99 08 1127;
1 1627 351;
2 1558 348;
3 69 3;
! 0000 057 01 99 08 1128;
1 5396 897;
2 5034 831;
3 362 66;
! 0000 057 01 99 08 1129;
1 1348 471;
2 1183 416;
3 165 55;
! 0000 057 01 99 08 1130;
1 2411 665;
2 2411 665;
3 0 0;
! 0000 057 01 99 08 1132;
1 4856 3521;
2 4082 2890;
3 774 631;
! 0000 057 01 99 08 1133;
1 1275 417;
2 878 312;
3 397 105;
! 0000 057 01 99 08 1134;
1 1513 189;
2 1270 163;
3 243 26;
! 0000 057 01 99 08 1136;
1 1868 561;
2 1675 492;
3 193 69;
! 0000 057 01 99 08 1137;
1 420 420;
2 340 340;
3 80 80;
! 0000 057 01 99 08 1138;
1 2599 177;
2 2342 173;
3 257 4;
! 0000 057 01 99 08 1140;
1 3138 1122;
2 2847 988;
3 291 134;
! 0000 057 01 99 08 1141;
1 836 271;
2 764 242;
3 72 29;
! 0000 057 01 99 08 1142;
1 2959 307;
2 2831 293;
3 128 14;
! 0000 057 01 99 08 1144;
1 437 28;
2 378 24;
3 59 4;
! 0000 057 01 99 08 1145;
1 11301 655;
2 11221 643;
3 80 12;
! 0000 057 01 99 08 1146;
1 2028 1743;
2 1887 1604;
3 141 139;
! 0000 057 01 99 08 1147;
1 591 95;
2 511 86;
3 80 9;
! 0000 057 01 99 08 1149;
1 952 318;
2 815 268;
3 137 50;
! 0000 057 01 99 08 1150;
1 7760 1636;
2 6995 1394;
3 765 242;
! 0000 057 01 99 08 1152;
1 1767 195;
2 1672 175;
3 95 20;
! 0000 057 01 99 08 1153;
1 4996 1541;
2 4710 1303;
3 286 238;
! 0000 057 01 99 08 1154;
1 469 97;
2 422 93;
3 47 4;
! 0000 057 01 99 08 1156;
1 606 96;
2 512 89;
3 94 7;
! 0000 057 01 99 08 1157;
1 3110 791;
2 2702 637;
3 408 154;
! 0000 057 01 99 08 1158;
1 8361 1111;
2 7947 1055;
3 414 56;
! 0000 057 01 99 08 1160;
1 5255 1773;
2 4840 1689;
3 415 84;
! 0000 057 01 99 08 1161;
1 3618 1061;
2 3311 930;
3 307 131;
! 0000 057 01 99 08 1163;
1 3306 952;
2 2490 759;
3 816 193;
! 0000 057 01 99 08 1164;
1 1037 486;
2 820 368;
3 217 118;
! 0000 057 01 99 08 1165;
1 3218 1175;
2 2886 1033;
3 332 142;
! 0000 057 01 99 08 1166;
1 1000 239;
2 780 217;
3 220 22;
! 0000 057 01 99 08 1168;
1 3192 282;
2 3091 282;
3 101 0;
! 0000 057 01 99 08 1169;
1 1762 334;
2 1644 286;
3 118 48;
! 0000 057 01 99 08 1170;
1 2015 468;
2 1797 406;
3 218 62;
! 0000 057 01 99 08 1171;
1 3477 1446;
2 2838 1275;
3 639 171;
! 0000 057 01 99 08 1173;
1 1647 363;
2 1571 343;
3 76 20;
! 0000 057 01 99 08 1174;
1 0 0;
2 0 0;
3 0 0;
! 0000 057 01 99 08 1175;
1 3759 793;
2 2942 534;
3 817 259;
! 0000 057 01 99 08 1176;
1 1434 356;
2 734 199;
3 700 157;
! 0000 057 01 99 08 1177;
1 44 4;
2 25 4;
3 19 0;
! 0000 057 01 99 08 1178;
1 1941 649;
2 1596 529;
3 345 120;
! 0000 057 01 99 08 1179;
1 1091 64;
2 1086 61;
3 5 3;
! 0000 057 01 99 08 1180;
1 1377 797;
2 934 677;
3 443 120;
! 0000 057 01 99 08 1181;
1 2081 1057;
2 1944 1040;
3 137 17;
! 0000 057 01 99 08 1182;
1 1153 530;
2 997 475;
3 156 55;
! 0000 057 01 99 08 1183;
1 511 197;
2 410 132;
3 101 65;
! 0000 057 01 99 08 1184;
1 525 124;
2 503 111;
3 22 13;
! 0000 057 01 99 08 1185;
1 165 63;
2 129 54;
3 36 9;
! 0000 057 01 99 08 1186;
1 1040 241;
2 988 235;
3 52 6;
! 0000 057 01 99 08 1187;
1 4225 291;
2 3595 238;
3 630 53;
! 0000 057 01 99 08 1188;
1 660 38;
2 590 30;
3 70 8;
! 0000 057 01 99 08 1189;
1 987 32;
2 971 30;
3 16 2;
! 0000 057 01 99 08 1190;
1 60 50;
2 42 38;
3 18 12;
! 0000 057 01 99 08 1191;
1 93 70;
2 78 56;
3 15 14;
! 0000 057 01 99 08 1192;
1 4088 287;
2 4008 286;
3 80 1;
! 0000 057 01 99 08 1193;
1 210 98;
2 194 96;
3 16 2;
! 0000 057 01 99 08 1194;
1 578 137;
2 438 115;
3 140 22;
! 0000 057 01 99 08 1195;
1 562 242;
2 507 234;
3 55 8;
! 0000 057 01 99 08 1197;
1 850 490;
2 610 450;
3 240 40;
! 0000 057 01 99 08 1198;
1 699 133;
2 338 71;
3 361 62;
! 0000 057 01 99 08 1199;
1 121 18;
2 115 16;
3 6 2;
! 0000 057 02 99 08 0104;
1 13 0 0 0 13 0;
2 10 0 0 0 10 0;
3 5 0 0 0 5 0;
4 5 0 0 0 5 0;
5 0 0 0 0 0 0;
6 0 0 0 0 0 0;
7 0 0 0 0 0 0;
8 0 0 0 0 0 0;
9 0 0 0 0 0 0;
10 0 0 0 0 0 0;
11 0 0 0 0 0 0;
12 0 0 0 0 0 0;
13 0 0 0 0 0 0;
14 0 0 0 0 0 0;
15 0 0 0 0 0 0;
16 5 0 0 0 5 0;
17 0 0 0 0 0 0;
18 2 0 0 0 2 0;
19 2 0 0 0 2 0;
20 0 0 0 0 0 0;
21 0 0 0 0 0 0;
22 0 0 0 0 0 0;
23 0 0 0 0 0 0;
24 0 0 0 0 0 0;
25 0 0 0 0 0 0;
26 3 0 0 0 3 0;
27 0 0 0 0 0 0;
28 0 0 0 0 0 0;
29 0 0 0 0 0 0;
30 0 0 0 0 0 0;
31 0 0 0 0 0 0;
32 0 0 0 0 0 0;
33 0 0 0 0 0 0;
34 0 0 0 0 0 0;
35 0 0 0 0 0 0;
36 0 0 0 0 0 0;
37 0 0 0 0 0 0;
38 0 0 0 0 0 0;
39 0 0 0 0 0 0;
40 0 0 0 0 0 0;
! 0000 057 02 99 08 0105;
1 15 0 0 0 15 0;
2 0 0 0 0 0 0;
3 0 0 0 0 0 0;
4 5 0 0 0 5 0;
5 0 0 0 0 0 0;
6 0 0 0 0 0 0;
7 0 0 0 0 0 0;
8 0 0 0 0 0 0;
9 0 0 0 0 0 0;
10 0 0 0 0 0 0;
11 0 0 0 0 0 0;
12 0 0 0 0 0 0;
13 0 0 0 0 0 0;
14 0 0 0 0 0 0;
15 0 0 0 0 0 0;
16 5 0 0 0 5 0;
17 0 0 0 0 0 0;
18 0 0 0 0 0 0;
19 4 0 0 0 4 0;
20 0 0 0 0 0 0;
21 1 0 0 0 1 0;
22 0 0 0 0 0 0;
23 0 0 0 0 0 0;
24 0 0 0 0 0 0;
25 0 0 0 0 0 0;
26 4 0 0 0 4 0;
27 0 0 0 0 0 0;
28 20 0 0 0 20 0;
29 0 0 0 0 0 0;
30 0 0 0 0 0 0;
31 0 0 0 0 0 0;
32 0 0 0 0 0 0;
33 9 0 0 0 9 0;
34 0 0 0 0 0 0;
35 9 0 0 0 9 0;
36 0 0 0 0 0 0;
37 0 0 0 0 0 0;
38 0 0 0 0 0 0;
39 0 0 0 0 0 0;
40 0 0 0 0 0 0;
! 0000 057 02 99 08 0111;
1 21 0 0 0 21 0;
2 18 0 0 0 18 0;
3 0 0 0 0 0 0;
4 0 0 0 0 0 0;
5 0 0 0 0 0 0;
6 0 0 0 0 0 0;
7 0 0 0 0 0 0;
8 0 0 0 0 0 0;
9 0 0 0 0 0 0;
10 0 0 0 0 0 0;
11 0 0 0 0 0 0;
12 0 0 0 0 0 0;
13 0 0 0 0 0 0;
14 0 0 0 0 0 0;
15 0 0 0 0 0 0;
16 0 0 0 0 0 0;
17 0 0 0 0 0 0;
18 0 0 0 0 0 0;
19 0 0 0 0 0 0;
20 0 0 0 0 0 0;
21 0 0 0 0 0 0;
22 0 0 0 0 0 0;
23 0 0 0 0 0 0;
24 0 0 0 0 0 0;
25 0 0 0 0 0 0;
26 0 0 0 0 0 0;
27 0 0 0 0 0 0;
28 1 0 0 0 1 0;
29 0 0 0 0 0 0;
30 0 0 0 0 0 0;
31 0 0 0 0 0 0;
32 0 0 0 0 0 0;
33 7 0 0 0 7 0;
34 0 0 0 0 0 0;
35 7 0 0 0 7 0;
36 0 0 0 0 0 0;
37 0 0 0 0 0 0;
38 0 0 0 0 0 0;
39 0 0 0 0 0 0;
40 0 0 0 0 0 0;
! 0000 057 02 99 08 0125;
1 628 0 0 0 71 557;
2 71 0 0 0 71 0;
3 36 0 0 0 36 0;
4 36 0 0 0 36 0;
5 0 0 0 0 0 0;
6 0 0 0 0 0 0;
7 20 0 0 0 20 0;
8 0 0 0 0 0 0;
9 16 0 0 0 16 0;
10 0 0 0 0 0 0;
11 0 0 0 0 0 0;
12 0 0 0 0 0 0;
13 0 0 0 0 0 0;
14 0 0 0 0 0 0;
15 0 0 0 0 0 0;
16 36 0 0 0 36 0;
17 20 0 0 0 20 0;
18 0 0 0 0 0 0;
19 0 0 0 0 0 0;
20 16 0 0 0 16 0;
21 0 0 0 0 0 0;
22 0 0 0 0 0 0;
23 0 0 0 0 0 0;
24 0 0 0 0 0 0;
25 0 0 0 0 0 0;
26 36 0 0 0 36 0;
27 50 0 0 0 50 0;
28 45 0 0 0 45 0;
29 45 0 0 0 45 0;
30 0 0 0 0 0 0;
31 0 0 0 0 0 0;
32 0 0 0 0 0 0;
33 43 0 0 0 43 0;
34 20 0 0 0 20 0;
35 23 0 0 0 23 0;
36 23 0 0 0 23 0;
37 0 0 0 0 0 0;
38 0 0 0 0 0 0;
39 0 0 0 0 0 0;
40 43 0 0 0 43 0;
! 0000 057 02 99 08 0130;
1 15 0 0 0 10 5;
2 15 0 0 0 10 5;
3 0 0 0 0 0 0;
4 7 0 0 0 4 3;
5 0 0 0 0 0 0;
6 0 0 0 0 0 0;
7 0 0 0 0 0 0;
8 0 0 0 0 0 0;
9 0 0 0 0 0 0;
10 0 0 0 0 0 0;
11 0 0 0 0 0 0;
12 0 0 0 0 0 0;
13 0 0 0 0 0 0;
14 0 0 0 0 0 0;
15 0 0 0 0 0 0;
16 7 0 0 0 5 2;
17 3 0 0 0 2 1;
18 0 0 0 0 0 0;
19 4 0 0 0 3 1;
20 0 0 0 0 0 0;
21 0 0 0 0 0 0;
22 0 0 0 0 0 0;
23 0 0 0 0 0 0;
24 0 0 0 0 0 0;
25 0 0 0 0 0 0;
26 7 0 0 0 5 2;
27 0 0 0 0 0 0;
28 0 0 0 0 0 0;
29 0 0 0 0 0 0;
30 0 0 0 0 0 0;
31 0 0 0 0 0 0;
32 0 0 0 0 0 0;
33 0 0 0 0 0 0;
34 0 0 0 0 0 0;
35 0 0 0 0 0 0;
36 0 0 0 0 0 0;
37 0 0 0 0 0 0;
38 0 0 0 0 0 0;
39 0 0 0 0 0 0;
40 0 0 0 0 0 0;
! 0000 057 02 99 08 0157;
1 105 0 0 0 105 0;
2 67 0 0 0 67 0;
3 18 0 0 0 18 0;
4 25 0 0 0 25 0;
5 0 0 0 0 0 0;
6 0 0 0 0 0 0;
7 0 0 0 0 0 0;
8 0 0 0 0 0 0;
9 0 0 0 0 0 0;
10 0 0 0 0 0 0;
11 0 0 0 0 0 0;
12 0 0 0 0 0 0;
13 0 0 0 0 0 0;
14 0 0 0 0 0 0;
15 0 0 0 0 0 0;
16 25 0 0 0 25 0;
17 6 0 0 0 6 0;
18 13 0 0 0 13 0;
19 2 0 0 0 2 0;
20 3 0 0 0 3 0;
21 0 0 0 0 0 0;
22 0 0 0 0 0 0;
23 0 0 0 0 0 0;
24 0 0 0 0 0 0;
25 0 0 0 0 0 0;
26 6 0 0 0 6 0;
27 0 0 0 0 0 0;
28 9 0 0 0 9 0;
29 7 0 0 0 7 0;
30 0 0 0 0 0 0;
31 0 0 0 0 0 0;
32 0 0 0 0 0 0;
33 5 0 0 0 5 0;
34 0 0 0 0 0 0;
35 5 0 0 0 5 0;
36 4 0 0 0 4 0;
37 0 0 0 0 0 0;
38 0 0 0 0 0 0;
39 0 0 0 0 0 0;
40 0 0 0 0 0 0;
! 0000 057 02 99 08 0171;
1 2472 1 1 122 2284 64;
2 2118 1 1 89 1963 64;
3 817 0 0 17 791 9;
4 856 0 0 23 824 9;
5 7 0 0 0 7 0;
6 0 0 0 0 0 0;
7 39 0 0 0 39 0;
8 0 0 0 0 0 0;
9 0 0 0 0 0 0;
10 186 0 0 0 186 0;
11 0 0 0 0 0 0;
12 0 0 0 0 0 0;
13 0 0 0 0 0 0;
14 0 0 0 0 0 0;
15 0 0 0 0 0 0;
16 856 0 0 23 824 9;
17 121 0 0 0 121 0;
18 219 0 0 0 219 0;
19 163 0 0 0 154 9;
20 119 0 0 0 119 0;
21 197 0 0 0 197 0;
22 42 0 0 8 34 0;
23 19 0 0 3 16 0;
24 0 0 0 0 0 0;
25 0 0 0 0 0 0;
26 856 0 0 23 824 9;
27 25 0 0 0 21 4;
28 1762 0 0 123 1630 9;
29 1481 0 0 94 1378 9;
30 0 0 0 0 0 0;
31 0 0 0 0 0 0;
32 0 0 0 0 0 0;
33 863 0 0 57 760 46;
34 40 0 0 0 32 8;
35 823 0 0 57 728 38;
36 636 0 0 40 593 3;
37 426 0 0 0 426 0;
38 0 0 0 0 0 0;
39 0 0 0 0 0 0;
40 2 0 0 0 0 2;
! 0000 057 02 99 08 0172;
1 88 0 0 0 88 0;
2 88 0 0 0 88 0;
3 26 0 0 0 26 0;
4 26 0 0 0 26 0;
5 0 0 0 0 0 0;
6 0 0 0 0 0 0;
7 0 0 0 0 0 0;
8 0 0 0 0 0 0;
9 0 0 0 0 0 0;
10 0 0 0 0 0 0;
11 0 0 0 0 0 0;
12 0 0 0 0 0 0;
13 0 0 0 0 0 0;
14 0 0 0 0 0 0;
15 0 0 0 0 0 0;
16 21 0 0 0 21 0;
17 0 0 0 0 0 0;
18 9 0 0 0 9 0;
19 3 0 0 0 3 0;
20 7 0 0 0 7 0;
21 2 0 0 0 2 0;
22 0 0 0 0 0 0;
23 0 0 0 0 0 0;
24 0 0 0 0 0 0;
25 0 0 0 0 0 0;
26 26 0 0 0 26 0;
27 0 0 0 0 0 0;
28 50 0 0 0 50 0;
29 50 0 0 0 50 0;
30 0 0 0 0 0 0;
31 0 0 0 0 0 0;
32 0 0 0 0 0 0;
33 83 0 0 0 83 0;
34 0 0 0 0 0 0;
35 83 0 0 0 83 0;
36 83 0 0 0 83 0;
37 0 0 0 0 0 0;
38 0 0 0 0 0 0;
39 0 0 0 0 0 0;
40 0 0 0 0 0 0;
! 0000 057 02 99 08 0176;
1 18 0 0 0 17 1;
2 17 0 0 0 17 0;
3 17 0 0 0 17 0;
4 8 0 0 0 7 1;
5 0 0 0 0 0 0;
6 0 0 0 0 0 0;
7 7 0 0 0 7 0;
8 0 0 0 0 0 0;
9 0 0 0 0 0 0;
10 0 0 0 0 0 0;
11 0 0 0 0 0 0;
12 1 0 0 0 0 1;
13 0 0 0 0 0 0;
14 0 0 0 0 0 0;
15 0 0 0 0 0 0;
16 8 0 0 0 4 4;
17 5 0 0 0 2 3;
18 1 0 0 0 1 0;
19 1 0 0 0 1 0;
20 0 0 0 0 0 0;
21 1 0 0 0 0 1;
22 0 0 0 0 0 0;
23 0 0 0 0 0 0;
24 0 0 0 0 0 0;
25 0 0 0 0 0 0;
26 8 0 0 0 7 1;
27 1 0 0 0 1 0;
28 1 0 0 0 1 0;
29 1 0 0 0 1 0;
30 0 0 0 0 0 0;
31 0 0 0 0 0 0;
32 0 0 0 0 0 0;
33 11 0 0 0 11 0;
34 10 0 0 0 10 0;
35 1 0 0 0 1 0;
36 1 0 0 0 1 0;
37 0 0 0 0 0 0;
38 0 0 0 0 0 0;
39 0 0 0 0 0 0;
40 0 0 0 0 0 0;
! 0000 057 02 99 08 0504;
1 3656 2 3 79 1715 1857;
2 1108 52 2 17 1016 21;
3 404 0 0 0 387 17;
4 1201 0 0 7 713 481;
5 128 0 0 0 6 122;
6 1 0 0 0 1 0;
7 216 0 0 0 49 167;
8 28 0 0 0 7 21;
9 105 0 0 0 84 21;
10 0 0 0 0 0 0;
11 0 0 0 0 0 0;
12 0 0 0 0 0 0;
13 0 0 0 0 0 0;
14 0 0 0 0 0 0;
15 0 0 0 0 0 0;
16 1201 0 0 7 702 492;
17 355 0 0 7 222 126;
18 273 0 0 0 271 2;
19 136 0 0 0 109 27;
20 38 0 0 0 32 6;
21 58 0 0 0 13 45;
22 1 0 0 0 1 0;
23 1 0 0 0 1 0;
24 3 0 0 0 3 0;
25 0 0 0 0 0 0;
26 1118 0 0 7 652 459;
27 1068 0 0 0 794 274;
28 2401 0 0 150 2013 238;
29 544 0 0 150 297 97;
30 33 0 0 0 21 12;
31 20 0 0 0 20 0;
32 20 0 0 0 20 0;
33 1134 0 0 60 907 167;
34 279 0 0 0 255 24;
35 855 0 0 60 652 143;
36 240 0 0 60 122 58;
37 0 0 0 0 0 0;
38 0 0 0 0 0 0;
39 0 0 0 0 0 0;
40 6 0 0 0 3 3;
! 0000 057 02 99 08 0511;
1 710 9 1 18 469 181;
2 510 3 1 18 451 32;
3 176 2 0 1 137 32;
4 281 65 0 0 149 67;
5 26 0 0 0 26 0;
6 0 0 0 0 0 0;
7 64 0 0 0 27 37;
8 0 0 0 0 0 0;
9 5 0 0 0 5 0;
10 4 0 0 0 4 0;
11 0 0 0 0 0 0;
12 0 0 0 0 0 0;
13 0 0 0 0 0 0;
14 0 0 0 0 0 0;
15 0 0 0 0 0 0;
16 273 65 0 0 143 65;
17 84 0 0 0 46 38;
18 8 0 0 0 5 3;
19 17 0 0 0 16 1;
20 2 0 0 0 2 0;
21 16 0 0 0 13 3;
22 1 0 0 0 1 0;
23 0 0 0 0 0 0;
24 5 0 0 0 0 5;
25 0 0 0 0 0 0;
26 223 65 0 0 94 64;
27 455 0 0 0 95 360;
28 496 0 0 0 71 425;
29 311 0 0 0 44 267;
30 140 0 0 0 0 140;
31 366 0 0 0 0 366;
32 248 0 0 0 0 248;
33 363 0 0 0 72 291;
34 207 0 0 0 35 172;
35 156 0 0 0 37 119;
36 90 0 0 0 10 80;
37 0 0 0 0 0 0;
38 0 0 0 0 0 0;
39 0 0 0 0 0 0;
40 81 0 0 0 18 63;
! 0000 057 02 99 08 0525;
1 7530 43 69 112 7298 8;
2 5756 6 8 53 5676 8;
3 2125 0 0 53 2064 8;
4 2125 0 0 53 2064 8;
5 56 0 0 0 56 0;
6 0 0 0 0 0 0;
7 74 0 0 24 50 0;
8 1 0 0 0 1 0;
9 28 0 0 0 20 8;
10 9 0 0 0 9 0;
11 0 0 0 0 0 0;
12 0 0 0 0 0 0;
13 0 0 0 0 0 0;
14 0 0 0 0 0 0;
15 0 0 0 0 0 0;
16 2101 0 0 53 2040 8;
17 328 0 0 5 323 0;
18 387 0 0 1 386 0;
19 74 0 0 31 43 0;
20 28 0 0 2 26 0;
21 84 0 0 4 80 0;
22 59 0 0 6 53 0;
23 40 0 0 7 33 0;
24 8 0 0 0 0 8;
25 0 0 0 0 0 0;
26 1869 0 0 53 1808 8;
27 718 0 0 0 0 718;
28 1922 0 0 423 1265 234;
29 1740 0 0 241 1265 234;
30 0 0 0 0 0 0;
31 234 0 0 0 0 234;
32 234 0 0 0 0 234;
33 1059 0 0 168 513 378;
34 287 0 0 0 0 287;
35 772 0 0 168 513 91;
36 725 0 0 168 466 91;
37 25 0 0 25 0 0;
38 0 0 0 0 0 0;
39 0 0 0 0 0 0;
40 33 0 0 0 0 33;
! 0000 057 02 99 08 0530;
1 2396 0 0 395 1790 211;
2 2162 0 0 47 1904 211;
3 1310 0 0 39 1271 0;
4 757 0 0 0 757 0;
5 12 0 0 0 12 0;
6 0 0 0 0 0 0;
7 0 0 0 0 0 0;
8 0 0 0 0 0 0;
9 0 0 0 0 0 0;
10 0 0 0 0 0 0;
11 0 0 0 0 0 0;
12 0 0 0 0 0 0;
13 0 0 0 0 0 0;
14 0 0 0 0 0 0;
15 0 0 0 0 0 0;
16 858 0 0 0 858 0;
17 411 0 0 0 411 0;
18 311 0 0 0 311 0;
19 0 0 0 0 0 0;
20 48 0 0 0 48 0;
21 88 0 0 0 88 0;
22 0 0 0 0 0 0;
23 0 0 0 0 0 0;
24 0 0 0 0 0 0;
25 0 0 0 0 0 0;
26 397 0 0 0 397 0;
27 16 0 0 0 16 0;
28 3321 0 0 0 3321 0;
29 2383 0 0 0 2383 0;
30 0 0 0 0 0 0;
31 0 0 0 0 0 0;
32 0 0 0 0 0 0;
33 1868 0 0 0 1868 0;
34 5 0 0 0 5 0;
35 1863 0 0 0 1863 0;
36 1013 0 0 0 1013 0;
37 0 0 0 0 0 0;
38 0 0 0 0 0 0;
39 0 0 0 0 0 0;
40 614 0 0 0 614 0;
! 0000 057 02 99 08 0557;
1 3005 22 3 50 2783 147;
2 2508 22 2 50 2308 126;
3 643 0 1 4 572 64;
4 766 0 1 3 688 74;
5 25 0 0 0 24 1;
6 0 0 0 0 0 0;
7 92 0 0 1 55 36;
8 5 0 0 2 3 0;
9 34 0 0 0 19 15;
10 27 0 0 0 25 2;
11 1 0 0 0 1 0;
12 0 0 0 0 0 0;
13 0 0 0 0 0 0;
14 1 0 1 0 0 0;
15 1 0 1 0 0 0;
16 760 0 1 3 682 74;
17 97 0 0 0 46 51;
18 137 0 0 0 132 5;
19 40 0 0 0 38 2;
20 110 0 0 0 110 0;
21 54 0 0 0 50 4;
22 17 0 0 0 17 0;
23 14 0 0 0 14 0;
24 1 0 0 0 0 1;
25 0 0 0 0 0 0;
26 711 0 1 2 663 45;
27 125 0 0 0 63 62;
28 375 0 0 140 108 127;
29 112 0 0 0 84 28;
30 28 0 0 0 0 28;
31 100 0 0 0 5 95;
32 2 0 0 0 2 0;
33 98 0 0 6 66 26;
34 19 0 0 0 9 10;
35 79 0 0 6 57 16;
36 37 0 0 0 30 7;
37 1 0 0 0 1 0;
38 0 0 0 0 0 0;
39 0 0 0 0 0 0;
40 27 0 0 0 2 25;
! 0000 057 02 99 08 0571;
1 917 1 4 33 782 97;
2 917 1 4 33 782 97;
3 564 1 2 21 459 81;
4 565 1 3 21 459 81;
5 0 0 0 0 0 0;
6 0 0 0 0 0 0;
7 165 0 0 0 138 27;
8 0 0 0 0 0 0;
9 26 0 0 0 11 15;
10 26 0 0 0 11 15;
11 0 0 0 0 0 0;
12 0 0 0 0 0 0;
13 0 0 0 0 0 0;
14 1 0 1 0 0 0;
15 1 0 1 0 0 0;
16 564 1 2 21 459 81;
17 165 0 0 0 138 27;
18 183 0 0 1 179 3;
19 71 0 0 0 45 26;
20 26 0 0 0 11 15;
21 10 0 0 3 7 0;
22 10 0 0 0 10 0;
23 8 0 0 0 8 0;
24 3 0 0 0 0 3;
25 3 0 0 0 0 3;
26 555 1 2 21 459 72;
27 246 0 0 0 0 246;
28 1390 0 400 282 436 272;
29 926 0 152 188 314 272;
30 0 0 0 0 0 0;
31 272 0 0 0 0 272;
32 272 0 0 0 0 272;
33 1290 0 190 133 486 481;
34 258 0 0 0 0 258;
35 1032 0 190 133 486 223;
36 653 0 127 89 363 74;
37 169 0 0 0 57 112;
38 0 0 0 0 0 0;
39 0 0 0 0 0 0;
40 0 0 0 0 0 0;
! 0000 057 02 99 08 0576;
1 1416 0 14 54 1075 273;
2 1416 0 14 54 1075 273;
3 348 0 0 2 194 152;
4 348 0 0 2 194 152;
5 233 0 0 1 154 78;
6 0 0 0 0 0 0;
7 15 0 0 0 15 0;
8 11 0 0 0 11 0;
9 54 0 0 0 0 54;
10 35 0 0 1 14 20;
11 0 0 0 0 0 0;
12 0 0 0 0 0 0;
13 0 0 0 0 0 0;
14 0 0 0 0 0 0;
15 0 0 0 0 0 0;
16 317 0 0 2 194 121;
17 119 0 0 0 119 0;
18 25 0 0 1 24 0;
19 15 0 0 0 15 0;
20 89 0 0 1 14 74;
21 69 0 0 0 22 47;
22 10 0 0 0 10 0;
23 7 0 0 0 7 0;
24 9 0 0 0 0 9;
25 0 0 0 0 0 0;
26 317 0 0 2 194 121;
27 503 0 0 0 0 503;
28 7303 0 0 7016 163 124;
29 7256 0 0 7016 137 103;
30 0 0 0 0 0 0;
31 124 0 0 0 0 124;
32 103 0 0 0 0 103;
33 3524 0 0 3134 88 302;
34 252 0 0 0 0 252;
35 3272 0 0 3134 88 50;
36 3240 0 0 3134 65 41;
37 2621 0 0 2571 9 41;
38 0 0 0 0 0 0;
39 0 0 0 0 0 0;
40 2873 0 0 2571 9 293;
! 0000 057 02 99 08 1100;
1 212191 301 1184 5465 164554 39394;
2 135401 230 694 3703 116114 13918;
3 41094 6 28 921 35471 4343;
4 53744 70 40 1058 41592 10984;
5 2329 1 3 69 1871 385;
6 46 0 0 3 39 4;
7 9925 0 3 198 6671 3053;
8 797 0 0 24 662 111;
9 7246 0 2 259 5264 1721;
10 1689 0 1 79 1481 128;
11 179 0 0 2 78 99;
12 4 0 0 0 3 1;
13 0 0 0 0 0 0;
14 28 0 5 0 17 6;
15 24 0 4 0 17 3;
16 52228 69 25 969 40561 10604;
17 14242 2 2 212 9513 4513;
18 10964 0 3 184 10168 609;
19 4233 0 0 171 3624 438;
20 5035 0 1 92 3794 1148;
21 7529 0 1 130 6606 792;
22 1122 0 2 31 1052 37;
23 458 0 1 18 430 9;
24 416 0 5 7 95 309;
25 36 0 1 1 7 27;
26 48376 69 47 800 37575 9885;
27 41580 20 10 5744 4145 31661;
28 274436 0 6739 107220 118135 42342;
29 221931 0 3461 93193 93281 31996;
30 1302 0 0 7 258 1037;
31 14447 0 3781 502 2397 7767;
32 11103 0 3275 381 971 6476;
33 105038 6 1585 39226 39134 25087;
34 16044 6 370 1697 1849 12122;
35 88994 0 1215 37529 37285 12965;
36 44033 0 989 9100 23494 10450;
37 4029 0 72 2670 1026 261;
38 0 0 0 0 0 0;
39 24 0 0 0 2 22;
40 6820 0 0 2635 1449 2736;
! 0000 057 02 99 08 1101;
1 8211 0 19 42 4168 3982;
2 4128 0 10 19 3186 913;
3 826 0 0 0 636 190;
4 1612 0 0 0 754 858;
5 75 0 0 0 64 11;
6 1 0 0 0 1 0;
7 251 0 0 0 61 190;
8 36 0 0 0 36 0;
9 198 0 0 0 101 97;
10 12 0 0 0 3 9;
11 0 0 0 0 0 0;
12 0 0 0 0 0 0;
13 0 0 0 0 0 0;
14 1 0 0 0 1 0;
15 1 0 0 0 1 0;
16 1606 0 0 0 748 858;
17 680 0 0 0 150 530;
18 379 0 0 0 296 83;
19 159 0 0 0 116 43;
20 14 0 0 0 9 5;
21 90 0 0 0 84 6;
22 14 0 0 0 14 0;
23 9 0 0 0 9 0;
24 0 0 0 0 0 0;
25 0 0 0 0 0 0;
26 1585 0 0 0 754 831;
27 2304 0 0 0 22 2282;
28 1573 0 0 0 357 1216;
29 270 0 0 0 86 184;
30 0 0 0 0 0 0;
31 0 0 0 0 0 0;
32 0 0 0 0 0 0;
33 1337 0 0 0 126 1211;
34 1053 0 0 0 17 1036;
35 284 0 0 0 109 175;
36 90 0 0 0 33 57;
37 11 0 0 0 0 11;
38 0 0 0 0 0 0;
39 0 0 0 0 0 0;
40 881 0 0 0 32 849;
! 0000 057 02 99 08 1103;
1 5046 7 39 68 4348 584;
2 3735 5 33 67 3255 375;
3 1197 0 1 9 1139 48;
4 1542 0 3 10 1396 133;
5 213 0 0 0 204 9;
6 6 0 0 3 3 0;
7 461 0 1 1 440 19;
8 138 0 0 4 130 4;
9 580 0 0 2 503 75;
10 132 0 0 0 112 20;
11 0 0 0 0 0 0;
12 0 0 0 0 0 0;
13 0 0 0 0 0 0;
14 12 0 2 0 4 6;
15 8 0 1 0 4 3;
16 1528 0 1 8 1387 132;
17 236 0 1 3 195 37;
18 644 0 0 1 629 14;
19 164 0 0 1 157 6;
20 308 0 0 3 235 70;
21 176 0 0 0 171 5;
22 57 0 0 0 51 6;
23 37 0 0 0 32 5;
24 7 0 1 0 2 4;
25 0 0 0 0 0 0;
26 1587 0 2 12 1452 121;
27 166 0 0 0 9 157;
28 2124 0 21 16 1377 710;
29 1224 0 11 10 1089 114;
30 116 0 0 0 9 107;
31 62 0 6 0 15 41;
32 34 0 0 0 3 31;
33 1050 0 12 5 622 411;
34 35 0 0 0 4 31;
35 1015 0 12 5 618 380;
36 606 0 12 5 510 79;
37 26 0 0 0 20 6;
38 0 0 0 0 0 0;
39 0 0 0 0 0 0;
40 0 0 0 0 0 0;
! 0000 057 02 99 08 1104;
1 3684 2 3 79 1743 1857;
2 1118 52 2 17 1026 21;
3 409 0 0 0 392 17;
4 1211 0 0 7 723 481;
5 128 0 0 0 6 122;
6 1 0 0 0 1 0;
7 216 0 0 0 49 167;
8 28 0 0 0 7 21;
9 105 0 0 0 84 21;
10 0 0 0 0 0 0;
11 0 0 0 0 0 0;
12 0 0 0 0 0 0;
13 0 0 0 0 0 0;
14 0 0 0 0 0 0;
15 0 0 0 0 0 0;
16 1211 0 0 7 712 492;
17 355 0 0 7 222 126;
18 275 0 0 0 273 2;
19 142 0 0 0 115 27;
20 38 0 0 0 32 6;
21 59 0 0 0 14 45;
22 1 0 0 0 1 0;
23 1 0 0 0 1 0;
24 3 0 0 0 3 0;
25 0 0 0 0 0 0;
26 1125 0 0 7 659 459;
27 1068 0 0 0 794 274;
28 2421 0 0 150 2033 238;
29 544 0 0 150 297 97;
30 33 0 0 0 21 12;
31 20 0 0 0 20 0;
32 20 0 0 0 20 0;
33 1143 0 0 60 916 167;
34 279 0 0 0 255 24;
35 864 0 0 60 661 143;
36 240 0 0 60 122 58;
37 0 0 0 0 0 0;
38 0 0 0 0 0 0;
39 0 0 0 0 0 0;
40 6 0 0 0 3 3;
! 0000 057 02 99 08 1105;
1 8051 0 13 553 7243 242;
2 4832 0 5 424 4224 180;
3 1653 0 0 286 1315 57;
4 2612 0 0 299 2020 293;
5 149 0 0 10 123 16;
6 3 0 0 0 0 3;
7 834 0 0 98 694 42;
8 42 0 0 0 42 0;
9 297 0 0 21 264 12;
10 115 0 0 16 99 0;
11 0 0 0 0 0 0;
12 0 0 0 0 0 0;
13 0 0 0 0 0 0;
14 0 0 0 0 0 0;
15 0 0 0 0 0 0;
16 2593 0 0 297 2002 294;
17 992 0 0 112 727 153;
18 790 0 0 93 686 11;
19 42 0 0 2 35 5;
20 355 0 0 43 271 41;
21 160 0 0 4 102 54;
22 30 0 0 7 19 4;
23 17 0 0 3 14 0;
24 63 0 0 3 2 58;
25 2 0 0 0 2 0;
26 2261 0 0 172 1868 221;
27 308 0 0 66 165 77;
28 5865 0 0 1806 2983 1076;
29 4928 0 0 1268 2678 982;
30 0 0 0 0 0 0;
31 1107 0 0 0 256 851;
32 860 0 0 0 29 831;
33 2540 0 0 532 1519 489;
34 282 0 0 28 222 32;
35 2258 0 0 504 1297 457;
36 2050 0 0 497 1159 394;
37 81 0 0 16 22 43;
38 0 0 0 0 0 0;
39 0 0 0 0 0 0;
40 37 0 0 0 9 28;
! 0000 057 02 99 08 1107;
1 3346 2 78 101 2700 467;
2 3346 2 78 101 2700 467;
3 1498 0 0 10 1403 85;
4 1498 0 0 10 1403 85;
5 69 0 0 0 69 0;
6 0 0 0 0 0 0;
7 391 0 0 0 391 0;
8 0 0 0 0 0 0;
9 920 0 0 10 825 85;
10 0 0 0 0 0 0;
11 0 0 0 0 0 0;
12 0 0 0 0 0 0;
13 0 0 0 0 0 0;
14 0 0 0 0 0 0;
15 0 0 0 0 0 0;
16 1477 0 0 0 1391 86;
17 522 0 0 0 522 0;
18 367 0 0 0 367 0;
19 295 0 0 0 271 24;
20 260 0 0 0 214 46;
21 17 0 0 0 17 0;
22 18 0 0 1 17 0;
23 6 0 0 0 6 0;
24 4 0 0 0 0 4;
25 0 0 0 0 0 0;
26 1252 0 0 0 1212 40;
27 1800 0 0 0 0 1800;
28 8903 0 0 425 558 7920;
29 8903 0 0 425 558 7920;
30 0 0 0 0 0 0;
31 30 0 0 0 0 30;
32 30 0 0 0 0 30;
33 763 0 0 17 16 730;
34 540 0 0 0 0 540;
35 223 0 0 17 16 190;
36 223 0 0 17 16 190;
37 0 0 0 0 0 0;
38 0 0 0 0 0 0;
39 0 0 0 0 0 0;
40 540 0 0 0 0 540;
! 0000 057 02 99 08 1108;
1 2347 0 12 72 2151 112;
2 1531 0 4 23 1504 0;
3 568 0 0 0 568 0;
4 574 0 0 0 568 6;
5 2 0 0 0 2 0;
6 0 0 0 0 0 0;
7 135 0 0 0 135 0;
8 0 0 0 0 0 0;
9 12 0 0 0 12 0;
10 11 0 0 0 11 0;
11 1 0 0 0 1 0;
12 0 0 0 0 0 0;
13 0 0 0 0 0 0;
14 0 0 0 0 0 0;
15 0 0 0 0 0 0;
16 571 0 0 0 565 6;
17 285 0 0 0 279 6;
18 92 0 0 0 92 0;
19 57 0 0 0 57 0;
20 107 0 0 0 107 0;
21 30 0 0 0 30 0;
22 1 0 0 0 1 0;
23 0 0 0 0 0 0;
24 6 0 0 0 0 6;
25 0 0 0 0 0 0;
26 574 0 0 0 568 6;
27 471 0 0 0 0 471;
28 1117 0 0 0 112 1005;
29 1117 0 0 0 112 1005;
30 0 0 0 0 0 0;
31 1005 0 0 0 0 1005;
32 1005 0 0 0 0 1005;
33 794 0 0 0 56 738;
34 236 0 0 0 0 236;
35 558 0 0 0 56 502;
36 558 0 0 0 56 502;
37 56 0 0 0 56 0;
38 0 0 0 0 0 0;
39 0 0 0 0 0 0;
40 38 0 0 0 0 38;
! 0000 057 02 99 08 1110;
1 1478 0 0 56 1400 22;
2 1138 0 0 52 1064 22;
3 341 0 0 2 325 14;
4 341 0 0 2 325 14;
5 14 0 0 0 14 0;
6 0 0 0 0 0 0;
7 35 0 0 2 33 0;
8 0 0 0 0 0 0;
9 19 0 0 0 19 0;
10 0 0 0 0 0 0;
11 0 0 0 0 0 0;
12 0 0 0 0 0 0;
13 0 0 0 0 0 0;
14 0 0 0 0 0 0;
15 0 0 0 0 0 0;
16 338 0 0 2 325 11;
17 19 0 0 0 16 3;
18 152 0 0 0 152 0;
19 43 0 0 0 37 6;
20 19 0 0 0 17 2;
21 54 0 0 0 54 0;
22 3 0 0 0 3 0;
23 2 0 0 0 2 0;
24 4 0 0 0 1 3;
25 4 0 0 0 1 3;
26 347 0 0 2 325 20;
27 24 0 0 0 0 24;
28 4178 0 0 11 3808 359;
29 684 0 0 11 314 359;
30 0 0 0 0 0 0;
31 359 0 0 0 0 359;
32 359 0 0 0 0 359;
33 1426 0 0 5 1235 186;
34 11 0 0 0 0 11;
35 1415 0 0 5 1235 175;
36 290 0 0 5 110 175;
37 1 0 0 0 1 0;
38 0 0 0 0 0 0;
39 0 0 0 0 0 0;
40 33 0 0 0 23 10;
! 0000 057 02 99 08 1111;
1 731 9 1 18 490 181;
2 528 3 1 18 469 32;
3 176 2 0 1 137 32;
4 281 65 0 0 149 67;
5 26 0 0 0 26 0;
6 0 0 0 0 0 0;
7 64 0 0 0 27 37;
8 0 0 0 0 0 0;
9 5 0 0 0 5 0;
10 4 0 0 0 4 0;
11 0 0 0 0 0 0;
12 0 0 0 0 0 0;
13 0 0 0 0 0 0;
14 0 0 0 0 0 0;
15 0 0 0 0 0 0;
16 273 65 0 0 143 65;
17 84 0 0 0 46 38;
18 8 0 0 0 5 3;
19 17 0 0 0 16 1;
20 2 0 0 0 2 0;
21 16 0 0 0 13 3;
22 1 0 0 0 1 0;
23 0 0 0 0 0 0;
24 5 0 0 0 0 5;
25 0 0 0 0 0 0;
26 223 65 0 0 94 64;
27 455 0 0 0 95 360;
28 497 0 0 0 72 425;
29 311 0 0 0 44 267;
30 140 0 0 0 0 140;
31 366 0 0 0 0 366;
32 248 0 0 0 0 248;
33 370 0 0 0 79 291;
34 207 0 0 0 35 172;
35 163 0 0 0 44 119;
36 90 0 0 0 10 80;
37 0 0 0 0 0 0;
38 0 0 0 0 0 0;
39 0 0 0 0 0 0;
40 81 0 0 0 18 63;
! 0000 057 02 99 08 1112;
1 1066 0 0 118 838 110;
2 1015 0 0 118 787 110;
3 219 0 0 41 143 35;
4 219 0 0 41 143 35;
5 4 0 0 0 4 0;
6 0 0 0 0 0 0;
7 10 0 0 0 7 3;
8 0 0 0 0 0 0;
9 104 0 0 22 63 19;
10 40 0 0 19 12 9;
11 0 0 0 0 0 0;
12 0 0 0 0 0 0;
13 0 0 0 0 0 0;
14 0 0 0 0 0 0;
15 0 0 0 0 0 0;
16 219 0 0 41 143 35;
17 7 0 0 0 5 2;
18 27 0 0 0 18 9;
19 86 0 0 13 62 11;
20 48 0 0 0 35 13;
21 23 0 0 0 23 0;
22 4 0 0 0 4 0;
23 2 0 0 0 2 0;
24 1 0 0 0 0 1;
25 0 0 0 0 0 0;
26 219 0 0 41 143 35;
27 13 0 0 4 5 4;
28 174 0 0 35 128 11;
29 115 0 0 24 82 9;
30 13 0 0 4 5 4;
31 28 0 0 6 18 4;
32 28 0 0 6 18 4;
33 58 0 0 5 48 5;
34 5 0 0 2 2 1;
35 53 0 0 3 46 4;
36 42 0 0 3 37 2;
37 0 0 0 0 0 0;
38 0 0 0 0 0 0;
39 0 0 0 0 0 0;
40 0 0 0 0 0 0;
! 0000 057 02 99 08 1114;
1 2213 2 36 49 2009 117;
2 1638 2 24 33 1513 66;
3 120 0 0 3 86 31;
4 137 0 0 3 86 48;
5 5 0 0 0 2 3;
6 0 0 0 0 0 0;
7 10 0 0 0 6 4;
8 1 0 0 0 1 0;
9 7 0 0 0 3 4;
10 0 0 0 0 0 0;
11 0 0 0 0 0 0;
12 0 0 0 0 0 0;
13 0 0 0 0 0 0;
14 0 0 0 0 0 0;
15 0 0 0 0 0 0;
16 124 0 0 3 81 40;
17 24 0 0 0 7 17;
18 36 0 0 3 29 4;
19 8 0 0 0 4 4;
20 6 0 0 0 3 3;
21 50 0 0 0 38 12;
22 2 0 0 0 2 0;
23 0 0 0 0 0 0;
24 0 0 0 0 0 0;
25 0 0 0 0 0 0;
26 137 0 0 3 86 48;
27 0 0 0 0 0 0;
28 46 0 0 0 13 33;
29 43 0 0 0 10 33;
30 0 0 0 0 0 0;
31 0 0 0 0 0 0;
32 0 0 0 0 0 0;
33 24 0 0 0 10 14;
34 0 0 0 0 0 0;
35 24 0 0 0 10 14;
36 23 0 0 0 9 14;
37 0 0 0 0 0 0;
38 0 0 0 0 0 0;
39 0 0 0 0 0 0;
40 9 0 0 0 0 9;
! 0000 057 02 99 08 1115;
1 2222 13 1 0 1294 914;
2 1614 12 1 0 959 642;
3 520 0 0 0 264 256;
4 714 0 0 0 365 349;
5 0 0 0 0 0 0;
6 0 0 0 0 0 0;
7 81 0 0 0 33 48;
8 0 0 0 0 0 0;
9 42 0 0 0 11 31;
10 0 0 0 0 0 0;
11 0 0 0 0 0 0;
12 0 0 0 0 0 0;
13 0 0 0 0 0 0;
14 0 0 0 0 0 0;
15 0 0 0 0 0 0;
16 710 0 0 0 363 347;
17 110 0 0 0 44 66;
18 44 0 0 0 44 0;
19 14 0 0 0 14 0;
20 36 0 0 0 6 30;
21 176 0 0 0 147 29;
22 15 0 0 0 12 3;
23 3 0 0 0 3 0;
24 0 0 0 0 0 0;
25 0 0 0 0 0 0;
26 718 0 0 0 366 352;
27 65 0 0 0 65 0;
28 1443 0 0 0 841 602;
29 366 0 0 0 348 18;
30 0 0 0 0 0 0;
31 0 0 0 0 0 0;
32 0 0 0 0 0 0;
33 845 0 0 0 605 240;
34 17 0 0 0 17 0;
35 828 0 0 0 588 240;
36 218 0 0 0 208 10;
37 0 0 0 0 0 0;
38 0 0 0 0 0 0;
39 0 0 0 0 0 0;
40 0 0 0 0 0 0;
! 0000 057 02 99 08 1117;
1 1640 1 4 7 926 702;
2 1210 1 4 7 496 702;
3 570 0 0 3 250 317;
4 698 0 0 3 378 317;
5 11 0 0 0 10 1;
6 1 0 0 0 0 1;
7 48 0 0 0 22 26;
8 12 0 0 0 5 7;
9 28 0 0 0 11 17;
10 2 0 0 0 2 0;
11 0 0 0 0 0 0;
12 0 0 0 0 0 0;
13 0 0 0 0 0 0;
14 0 0 0 0 0 0;
15 0 0 0 0 0 0;
16 698 0 0 3 378 317;
17 54 0 0 0 23 31;
18 12 0 0 0 4 8;
19 46 0 0 0 46 0;
20 128 0 0 0 51 77;
21 257 0 0 3 254 0;
22 11 0 0 0 11 0;
23 3 0 0 0 3 0;
24 4 0 0 0 0 4;
25 3 0 0 0 0 3;
26 524 0 0 3 204 317;
27 206 0 0 0 0 206;
28 2400 0 0 0 1150 1250;
29 1800 0 0 0 1130 670;
30 100 0 0 0 0 100;
31 325 0 0 0 0 325;
32 325 0 0 0 0 325;
33 782 0 0 0 339 443;
34 62 0 0 0 0 62;
35 720 0 0 0 339 381;
36 540 0 0 0 339 201;
37 2 0 0 0 2 0;
38 0 0 0 0 0 0;
39 0 0 0 0 0 0;
40 136 0 0 0 38 98;
! 0000 057 02 99 08 1118;
1 17725 0 6 28 15555 2136;
2 6812 0 2 17 6389 404;
3 2555 0 0 0 2520 35;
4 3603 0 1 0 2938 664;
5 9 0 0 0 8 1;
6 0 0 0 0 0 0;
7 361 0 0 0 151 210;
8 0 0 0 0 0 0;
9 126 0 1 0 54 71;
10 15 0 0 0 15 0;
11 0 0 0 0 0 0;
12 0 0 0 0 0 0;
13 0 0 0 0 0 0;
14 0 0 0 0 0 0;
15 0 0 0 0 0 0;
16 2438 0 0 0 1730 708;
17 1207 0 0 0 729 478;
18 99 0 0 0 99 0;
19 69 0 0 0 68 1;
20 115 0 0 0 53 62;
21 948 0 0 0 781 167;
22 30 0 0 0 28 2;
23 2 0 0 0 2 0;
24 14 0 0 0 6 8;
25 0 0 0 0 0 0;
26 2338 0 0 0 1638 700;
27 109 0 0 0 0 109;
28 1244 0 0 0 787 457;
29 589 0 0 0 366 223;
30 1 0 0 0 0 1;
31 165 0 0 0 52 113;
32 162 0 0 0 50 112;
33 444 0 0 0 252 192;
34 46 0 0 0 0 46;
35 398 0 0 0 252 146;
36 177 0 0 0 109 68;
37 5 0 0 0 5 0;
38 0 0 0 0 0 0;
39 0 0 0 0 0 0;
40 1 0 0 0 1 0;
! 0000 057 02 99 08 1119;
1 1844 0 13 53 1196 582;
2 1267 0 13 53 1196 0;
3 75 0 0 2 73 0;
4 159 0 0 2 73 84;
5 2 0 0 0 2 0;
6 0 0 0 0 0 0;
7 72 0 0 0 24 48;
8 0 0 0 0 0 0;
9 44 0 0 0 8 36;
10 0 0 0 0 0 0;
11 0 0 0 0 0 0;
12 0 0 0 0 0 0;
13 0 0 0 0 0 0;
14 0 0 0 0 0 0;
15 0 0 0 0 0 0;
16 156 0 0 2 73 81;
17 71 0 0 0 24 47;
18 10 0 0 0 10 0;
19 27 0 0 2 25 0;
20 44 0 0 0 10 34;
21 4 0 0 0 4 0;
22 2 0 0 0 2 0;
23 1 0 0 0 1 0;
24 5 0 0 0 0 5;
25 1 0 0 0 0 1;
26 164 0 0 2 73 89;
27 0 0 0 0 0 0;
28 1500 0 0 10 190 1300;
29 1500 0 0 10 190 1300;
30 0 0 0 0 0 0;
31 1100 0 0 0 0 1100;
32 1100 0 0 0 0 1100;
33 570 0 0 3 99 468;
34 0 0 0 0 0 0;
35 570 0 0 3 99 468;
36 570 0 0 3 99 468;
37 0 0 0 0 0 0;
38 0 0 0 0 0 0;
39 0 0 0 0 0 0;
40 73 0 0 0 0 73;
! 0000 057 02 99 08 1120;
1 1790 0 5 16 1455 314;
2 1701 0 3 11 1435 252;
3 598 0 0 3 468 127;
4 621 0 0 3 482 136;
5 2 0 0 0 2 0;
6 2 0 0 0 2 0;
7 165 0 0 0 121 44;
8 0 0 0 0 0 0;
9 196 0 0 0 177 19;
10 0 0 0 0 0 0;
11 0 0 0 0 0 0;
12 0 0 0 0 0 0;
13 0 0 0 0 0 0;
14 0 0 0 0 0 0;
15 0 0 0 0 0 0;
16 566 0 0 1 479 86;
17 140 0 0 0 96 44;
18 88 0 0 1 87 0;
19 30 0 0 0 20 10;
20 154 0 0 0 140 14;
21 102 0 0 0 88 14;
22 35 0 0 0 32 3;
23 16 0 0 0 15 1;
24 0 0 0 0 0 0;
25 0 0 0 0 0 0;
26 566 0 0 1 479 86;
27 2 0 0 0 2 0;
28 531 0 0 0 207 324;
29 438 0 0 0 124 314;
30 0 0 0 0 0 0;
31 0 0 0 0 0 0;
32 0 0 0 0 0 0;
33 252 0 0 0 97 155;
34 1 0 0 0 1 0;
35 251 0 0 0 96 155;
36 209 0 0 0 83 126;
37 0 0 0 0 0 0;
38 0 0 0 0 0 0;
39 0 0 0 0 0 0;
40 0 0 0 0 0 0;
! 0000 057 02 99 08 1122;
1 3223 3 19 247 2474 480;
2 2166 3 19 64 2080 0;
3 880 0 1 21 858 0;
4 1229 0 1 23 1108 97;
5 12 0 0 0 5 7;
6 0 0 0 0 0 0;
7 36 0 0 0 22 14;
8 5 0 0 0 3 2;
9 120 0 0 0 87 33;
10 63 0 0 2 61 0;
11 0 0 0 0 0 0;
12 0 0 0 0 0 0;
13 0 0 0 0 0 0;
14 0 0 0 0 0 0;
15 0 0 0 0 0 0;
16 1207 0 0 4 1108 95;
17 67 0 0 0 45 22;
18 140 0 0 0 136 4;
19 38 0 0 3 34 1;
20 32 0 0 1 27 4;
21 40 0 0 0 30 10;
22 23 0 0 1 22 0;
23 6 0 0 1 5 0;
24 5 0 0 0 0 5;
25 0 0 0 0 0 0;
26 979 0 0 2 884 93;
27 200 0 0 0 0 200;
28 2272 0 0 0 2108 164;
29 2064 0 0 0 1900 164;
30 0 0 0 0 0 0;
31 6 0 0 0 0 6;
32 6 0 0 0 0 6;
33 928 0 0 0 822 106;
34 40 0 0 0 0 40;
35 888 0 0 0 822 66;
36 826 0 0 0 760 66;
37 0 0 0 0 0 0;
38 0 0 0 0 0 0;
39 0 0 0 0 0 0;
40 148 0 0 0 133 15;
! 0000 057 02 99 08 1124;
1 2425 3 6 37 2223 156;
2 1492 3 6 36 1419 28;
3 211 0 0 0 198 13;
4 361 0 0 0 303 58;
5 7 0 0 0 4 3;
6 0 0 0 0 0 0;
7 203 0 0 0 193 10;
8 9 0 0 0 9 0;
9 142 0 0 0 97 45;
10 0 0 0 0 0 0;
11 0 0 0 0 0 0;
12 0 0 0 0 0 0;
13 0 0 0 0 0 0;
14 0 0 0 0 0 0;
15 0 0 0 0 0 0;
16 327 0 0 0 269 58;
17 146 0 0 0 144 2;
18 11 0 0 0 8 3;
19 9 0 0 0 9 0;
20 93 0 0 0 55 38;
21 68 0 0 0 53 15;
22 106 0 0 0 106 0;
23 30 0 0 0 30 0;
24 4 0 0 0 4 0;
25 0 0 0 0 0 0;
26 327 0 0 0 269 58;
27 7 0 0 0 7 0;
28 1450 0 0 0 910 540;
29 682 0 0 0 503 179;
30 0 0 0 0 0 0;
31 57 0 0 0 57 0;
32 57 0 0 0 57 0;
33 286 0 0 0 189 97;
34 2 0 0 0 2 0;
35 284 0 0 0 187 97;
36 126 0 0 0 101 25;
37 0 0 0 0 0 0;
38 0 0 0 0 0 0;
39 0 0 0 0 0 0;
40 0 0 0 0 0 0;
! 0000 057 02 99 08 1125;
1 8158 43 69 112 7369 565;
2 5827 6 8 53 5747 8;
3 2161 0 0 53 2100 8;
4 2161 0 0 53 2100 8;
5 56 0 0 0 56 0;
6 0 0 0 0 0 0;
7 94 0 0 24 70 0;
8 1 0 0 0 1 0;
9 44 0 0 0 36 8;
10 9 0 0 0 9 0;
11 0 0 0 0 0 0;
12 0 0 0 0 0 0;
13 0 0 0 0 0 0;
14 0 0 0 0 0 0;
15 0 0 0 0 0 0;
16 2137 0 0 53 2076 8;
17 348 0 0 5 343 0;
18 387 0 0 1 386 0;
19 74 0 0 31 43 0;
20 44 0 0 2 42 0;
21 84 0 0 4 80 0;
22 59 0 0 6 53 0;
23 40 0 0 7 33 0;
24 8 0 0 0 0 8;
25 0 0 0 0 0 0;
26 1905 0 0 53 1844 8;
27 768 0 0 0 50 718;
28 1967 0 0 423 1310 234;
29 1785 0 0 241 1310 234;
30 0 0 0 0 0 0;
31 234 0 0 0 0 234;
32 234 0 0 0 0 234;
33 1102 0 0 168 556 378;
34 307 0 0 0 20 287;
35 795 0 0 168 536 91;
36 748 0 0 168 489 91;
37 25 0 0 25 0 0;
38 0 0 0 0 0 0;
39 0 0 0 0 0 0;
40 76 0 0 0 43 33;
! 0000 057 02 99 08 1127;
1 1627 0 1 162 1187 277;
2 1002 0 1 157 813 31;
3 221 0 0 22 169 30;
4 351 0 0 22 242 87;
5 3 0 0 0 3 0;
6 0 0 0 0 0 0;
7 46 0 0 6 40 0;
8 2 0 0 2 0 0;
9 25 0 0 11 14 0;
10 0 0 0 0 0 0;
11 0 0 0 0 0 0;
12 0 0 0 0 0 0;
13 0 0 0 0 0 0;
14 0 0 0 0 0 0;
15 0 0 0 0 0 0;
16 350 0 0 22 242 86;
17 53 0 0 6 47 0;
18 81 0 0 2 79 0;
19 40 0 0 3 37 0;
20 25 0 0 11 14 0;
21 44 0 0 0 44 0;
22 2 0 0 0 2 0;
23 0 0 0 0 0 0;
24 4 0 0 0 1 3;
25 0 0 0 0 0 0;
26 335 0 0 20 230 85;
27 230 0 0 0 110 120;
28 1007 0 0 16 487 504;
29 551 0 0 11 375 165;
30 10 0 0 0 10 0;
31 35 0 0 0 0 35;
32 26 0 0 0 0 26;
33 478 0 0 7 270 201;
34 104 0 0 0 56 48;
35 374 0 0 7 214 153;
36 267 0 0 6 166 95;
37 0 0 0 0 0 0;
38 0 0 0 0 0 0;
39 0 0 0 0 0 0;
40 36 0 0 0 0 36;
! 0000 057 02 99 08 1128;
1 5396 2 32 107 3199 2146;
2 3255 1 11 47 1978 1268;
3 724 0 0 8 519 197;
4 897 0 0 12 639 246;
5 5 0 0 3 2 0;
6 0 0 0 0 0 0;
7 111 0 0 4 74 33;
8 7 0 0 0 5 2;
9 95 0 0 2 59 34;
10 15 0 0 2 13 0;
11 0 0 0 0 0 0;
12 0 0 0 0 0 0;
13 0 0 0 0 0 0;
14 0 0 0 0 0 0;
15 0 0 0 0 0 0;
16 874 0 0 12 624 238;
17 127 0 0 3 88 36;
18 353 0 0 4 345 4;
19 28 0 0 0 28 0;
20 90 0 0 3 63 24;
21 74 0 0 0 54 20;
22 9 0 0 1 8 0;
23 0 0 0 0 0 0;
24 21 0 0 0 0 21;
25 1 0 0 0 0 1;
26 834 0 0 12 585 237;
27 342 0 0 0 40 302;
28 1277 0 0 10 580 687;
29 488 0 0 7 110 371;
30 0 0 0 0 0 0;
31 448 0 0 0 0 448;
32 261 0 0 0 0 261;
33 568 0 0 6 267 295;
34 101 0 0 0 2 99;
35 467 0 0 6 265 196;
36 185 0 0 4 52 129;
37 3 0 0 0 0 3;
38 0 0 0 0 0 0;
39 0 0 0 0 0 0;
40 47 0 0 0 1 46;
! 0000 057 02 99 08 1129;
1 1348 0 6 50 1077 215;
2 1253 0 6 31 1039 177;
3 464 0 1 13 369 81;
4 471 0 1 13 374 83;
5 11 0 0 0 11 0;
6 0 0 0 0 0 0;
7 17 0 1 0 16 0;
8 6 0 0 0 6 0;
9 59 0 0 0 52 7;
10 4 0 0 0 4 0;
11 1 0 0 0 1 0;
12 0 0 0 0 0 0;
13 0 0 0 0 0 0;
14 0 0 0 0 0 0;
15 0 0 0 0 0 0;
16 471 0 1 13 374 83;
17 107 0 0 0 82 25;
18 160 0 0 7 140 13;
19 53 0 0 5 38 10;
20 59 0 0 0 52 7;
21 45 0 0 1 36 8;
22 6 0 0 0 6 0;
23 1 0 0 0 1 0;
24 1 0 1 0 0 0;
25 0 0 0 0 0 0;
26 468 0 1 13 373 81;
27 0 0 0 0 0 0;
28 860 0 500 18 180 162;
29 74 0 0 0 70 4;
30 0 0 0 0 0 0;
31 500 0 500 0 0 0;
32 0 0 0 0 0 0;
33 132 0 72 5 34 21;
34 0 0 0 0 0 0;
35 132 0 72 5 34 21;
36 16 0 0 0 15 1;
37 72 0 72 0 0 0;
38 0 0 0 0 0 0;
39 0 0 0 0 0 0;
40 0 0 0 0 0 0;
! 0000 057 02 99 08 1130;
1 2411 0 0 395 1800 216;
2 2177 0 0 47 1914 216;
3 1310 0 0 39 1271 0;
4 764 0 0 0 761 3;
5 12 0 0 0 12 0;
6 0 0 0 0 0 0;
7 0 0 0 0 0 0;
8 0 0 0 0 0 0;
9 0 0 0 0 0 0;
10 0 0 0 0 0 0;
11 0 0 0 0 0 0;
12 0 0 0 0 0 0;
13 0 0 0 0 0 0;
14 0 0 0 0 0 0;
15 0 0 0 0 0 0;
16 865 0 0 0 863 2;
17 414 0 0 0 413 1;
18 311 0 0 0 311 0;
19 4 0 0 0 3 1;
20 48 0 0 0 48 0;
21 88 0 0 0 88 0;
22 0 0 0 0 0 0;
23 0 0 0 0 0 0;
24 0 0 0 0 0 0;
25 0 0 0 0 0 0;
26 404 0 0 0 402 2;
27 16 0 0 0 16 0;
28 3321 0 0 0 3321 0;
29 2383 0 0 0 2383 0;
30 0 0 0 0 0 0;
31 0 0 0 0 0 0;
32 0 0 0 0 0 0;
33 1868 0 0 0 1868 0;
34 5 0 0 0 5 0;
35 1863 0 0 0 1863 0;
36 1013 0 0 0 1013 0;
37 0 0 0 0 0 0;
38 0 0 0 0 0 0;
39 0 0 0 0 0 0;
40 614 0 0 0 614 0;
! 0000 057 02 99 08 1132;
1 4856 9 15 101 3783 948;
2 4856 9 15 101 3783 948;
3 3521 0 0 0 2979 542;
4 3521 0 0 0 2979 542;
5 210 0 0 0 210 0;
6 0 0 0 0 0 0;
7 527 0 0 0 527 0;
8 152 0 0 0 152 0;
9 134 0 0 0 130 4;
10 134 0 0 0 130 4;
11 0 0 0 0 0 0;
12 0 0 0 0 0 0;
13 0 0 0 0 0 0;
14 0 0 0 0 0 0;
15 0 0 0 0 0 0;
16 3487 0 0 0 2945 542;
17 1235 0 0 0 693 542;
18 496 0 0 0 496 0;
19 369 0 0 0 369 0;
20 393 0 0 0 393 0;
21 994 0 0 0 994 0;
22 32 0 0 0 32 0;
23 11 0 0 0 11 0;
24 4 0 0 0 0 4;
25 0 0 0 0 0 0;
26 3521 0 0 0 2998 523;
27 53 0 0 0 53 0;
28 2769 0 0 0 2759 10;
29 1056 0 0 0 1046 10;
30 0 0 0 0 0 0;
31 10 0 0 0 0 10;
32 10 0 0 0 0 10;
33 7646 0 0 0 7619 27;
34 170 0 0 0 170 0;
35 7476 0 0 0 7449 27;
36 2851 0 0 0 2824 27;
37 0 0 0 0 0 0;
38 0 0 0 0 0 0;
39 0 0 0 0 0 0;
40 11 0 0 0 0 11;
! 0000 057 02 99 08 1133;
1 1275 10 9 17 1128 111;
2 1031 11 9 17 963 31;
3 342 0 0 9 317 16;
4 428 0 0 9 361 58;
5 16 0 0 3 12 1;
6 0 0 0 0 0 0;
7 28 0 0 0 20 8;
8 8 0 0 0 0 8;
9 7 0 0 2 2 3;
10 0 0 0 0 0 0;
11 0 0 0 0 0 0;
12 0 0 0 0 0 0;
13 0 0 0 0 0 0;
14 0 0 0 0 0 0;
15 0 0 0 0 0 0;
16 405 0 0 9 344 52;
17 63 0 0 2 51 10;
18 136 0 0 0 136 0;
19 26 0 0 0 24 2;
20 4 0 0 0 2 2;
21 29 0 0 0 29 0;
22 39 0 0 0 39 0;
23 16 0 0 0 16 0;
24 14 0 0 0 0 14;
25 0 0 0 0 0 0;
26 372 0 0 9 328 35;
27 189 0 0 0 139 50;
28 765 0 0 214 220 331;
29 580 0 0 214 100 266;
30 0 0 0 0 0 0;
31 136 0 0 0 0 136;
32 99 0 0 0 0 99;
33 269 0 0 56 95 118;
34 40 0 0 0 25 15;
35 229 0 0 56 70 103;
36 196 0 0 56 37 103;
37 0 0 0 0 0 0;
38 0 0 0 0 0 0;
39 0 0 0 0 0 0;
40 0 0 0 0 0 0;
! 0000 057 02 99 08 1134;
1 1513 2 6 5 1303 197;
2 887 1 3 5 812 66;
3 121 0 0 0 106 15;
4 189 0 0 0 148 41;
5 4 0 0 0 4 0;
6 0 0 0 0 0 0;
7 55 0 0 0 49 6;
8 8 0 0 0 8 0;
9 82 0 0 0 57 25;
10 5 0 0 0 5 0;
11 0 0 0 0 0 0;
12 0 0 0 0 0 0;
13 0 0 0 0 0 0;
14 0 0 0 0 0 0;
15 0 0 0 0 0 0;
16 183 0 0 0 142 41;
17 113 0 0 0 87 26;
18 22 0 0 0 20 2;
19 15 0 0 0 15 0;
20 18 0 0 0 8 10;
21 8 0 0 0 7 1;
22 4 0 0 0 4 0;
23 5 0 0 0 5 0;
24 0 0 0 0 0 0;
25 0 0 0 0 0 0;
26 171 0 0 0 130 41;
27 1775 0 0 0 10 1765;
28 891 0 0 0 844 47;
29 866 0 0 0 819 47;
30 0 0 0 0 0 0;
31 0 0 0 0 0 0;
32 0 0 0 0 0 0;
33 1044 0 0 0 257 787;
34 777 0 0 0 4 773;
35 267 0 0 0 253 14;
36 260 0 0 0 246 14;
37 7 0 0 0 0 7;
38 0 0 0 0 0 0;
39 0 0 0 0 0 0;
40 3 0 0 0 0 3;
! 0000 057 02 99 08 1136;
1 1868 0 1 38 1666 94;
2 1411 0 1 39 1339 32;
3 571 0 0 29 533 9;
4 565 0 0 46 508 11;
5 51 0 0 1 50 0;
6 0 0 0 0 0 0;
7 143 0 0 14 127 2;
8 1 0 0 0 1 0;
9 69 0 0 10 55 4;
10 124 0 0 21 101 2;
11 0 0 0 0 0 0;
12 0 0 0 0 0 0;
13 0 0 0 0 0 0;
14 0 0 0 0 0 0;
15 0 0 0 0 0 0;
16 593 0 0 28 559 6;
17 141 0 0 3 138 0;
18 168 0 0 4 163 1;
19 52 0 0 18 33 1;
20 70 0 0 2 67 1;
21 98 0 0 1 97 0;
22 12 0 0 0 12 0;
23 7 0 0 0 7 0;
24 2 0 0 0 0 2;
25 0 0 0 0 0 0;
26 512 0 0 21 489 2;
27 0 0 0 0 0 0;
28 644 0 0 235 407 2;
29 633 0 0 235 396 2;
30 0 0 0 0 0 0;
31 2 0 0 0 0 2;
32 0 0 0 0 0 0;
33 733 0 0 448 277 8;
34 0 0 0 0 0 0;
35 733 0 0 448 277 8;
36 695 0 0 448 239 8;
37 198 0 0 44 146 8;
38 0 0 0 0 0 0;
39 0 0 0 0 0 0;
40 48 0 0 44 2 2;
! 0000 057 02 99 08 1137;
1 420 0 0 2 398 20;
2 420 0 0 2 398 20;
3 420 0 0 2 398 20;
4 466 0 0 2 411 53;
5 0 0 0 0 0 0;
6 0 0 0 0 0 0;
7 40 0 0 0 16 24;
8 0 0 0 0 0 0;
9 5 0 0 0 5 0;
10 0 0 0 0 0 0;
11 0 0 0 0 0 0;
12 0 0 0 0 0 0;
13 0 0 0 0 0 0;
14 0 0 0 0 0 0;
15 0 0 0 0 0 0;
16 466 0 0 2 411 53;
17 71 0 0 0 40 31;
18 332 0 0 2 318 12;
19 44 0 0 0 34 10;
20 5 0 0 0 5 0;
21 14 0 0 0 14 0;
22 8 0 0 0 8 0;
23 8 0 0 0 8 0;
24 0 0 0 0 0 0;
25 0 0 0 0 0 0;
26 466 0 0 2 411 53;
27 147 0 0 0 10 137;
28 25 0 0 0 11 14;
29 25 0 0 0 11 14;
30 0 0 0 0 0 0;
31 0 0 0 0 0 0;
32 0 0 0 0 0 0;
33 78 0 0 0 10 68;
34 66 0 0 0 5 61;
35 12 0 0 0 5 7;
36 12 0 0 0 5 7;
37 0 0 0 0 0 0;
38 0 0 0 0 0 0;
39 0 0 0 0 0 0;
40 0 0 0 0 0 0;
! 0000 057 02 99 08 1138;
1 2599 7 3 56 2477 56;
2 1059 2 3 13 1022 19;
3 156 0 0 1 155 0;
4 177 0 0 0 177 0;
5 0 0 0 0 0 0;
6 0 0 0 0 0 0;
7 5 0 0 0 5 0;
8 1 0 0 0 1 0;
9 21 0 0 0 21 0;
10 0 0 0 0 0 0;
11 0 0 0 0 0 0;
12 0 0 0 0 0 0;
13 0 0 0 0 0 0;
14 0 0 0 0 0 0;
15 0 0 0 0 0 0;
16 177 0 0 0 177 0;
17 9 0 0 0 9 0;
18 30 0 0 0 30 0;
19 0 0 0 0 0 0;
20 7 0 0 0 7 0;
21 122 0 0 0 122 0;
22 6 0 0 0 6 0;
23 2 0 0 0 2 0;
24 2 0 0 0 2 0;
25 0 0 0 0 0 0;
26 53 0 0 0 53 0;
27 4 0 0 0 4 0;
28 172 0 0 0 22 150;
29 11 0 0 0 11 0;
30 0 0 0 0 0 0;
31 150 0 0 0 0 150;
32 0 0 0 0 0 0;
33 47 0 0 0 7 40;
34 2 0 0 0 2 0;
35 45 0 0 0 5 40;
36 3 0 0 0 3 0;
37 0 0 0 0 0 0;
38 0 0 0 0 0 0;
39 0 0 0 0 0 0;
40 0 0 0 0 0 0;
! 0000 057 02 99 08 1140;
1 3138 0 17 76 3040 5;
2 2902 0 11 74 2817 0;
3 1030 0 0 4 1026 0;
4 1224 0 1 4 1214 5;
5 109 0 0 0 109 0;
6 6 0 0 0 6 0;
7 384 0 0 0 384 0;
8 2 0 0 0 2 0;
9 52 0 0 0 52 0;
10 6 0 0 0 6 0;
11 0 0 0 0 0 0;
12 0 0 0 0 0 0;
13 0 0 0 0 0 0;
14 0 0 0 0 0 0;
15 0 0 0 0 0 0;
16 1224 0 0 4 1215 5;
17 369 0 0 0 367 2;
18 416 0 0 4 411 1;
19 121 0 0 0 120 1;
20 90 0 0 0 89 1;
21 191 0 0 0 191 0;
22 42 0 0 0 42 0;
23 15 0 0 0 15 0;
24 3 0 0 0 3 0;
25 0 0 0 0 0 0;
26 1239 0 0 4 1230 5;
27 151 0 0 0 143 8;
28 1375 0 0 0 1364 11;
29 873 0 0 0 862 11;
30 0 0 0 0 0 0;
31 162 0 0 0 154 8;
32 162 0 0 0 154 8;
33 924 0 0 0 918 6;
34 40 0 0 0 39 1;
35 884 0 0 0 879 5;
36 622 0 0 0 617 5;
37 17 0 0 0 17 0;
38 0 0 0 0 0 0;
39 0 0 0 0 0 0;
40 13 0 0 0 13 0;
! 0000 057 02 99 08 1141;
1 836 3 26 36 735 36;
2 650 2 26 36 584 2;
3 181 1 0 2 177 1;
4 254 0 0 8 210 36;
5 3 0 0 1 2 0;
6 1 0 0 0 1 0;
7 45 0 0 0 45 0;
8 0 0 0 0 0 0;
9 30 0 0 0 30 0;
10 14 0 0 0 14 0;
11 0 0 0 0 0 0;
12 0 0 0 0 0 0;
13 0 0 0 0 0 0;
14 0 0 0 0 0 0;
15 0 0 0 0 0 0;
16 254 0 0 8 210 36;
17 52 0 0 0 22 30;
18 75 0 0 5 70 0;
19 42 0 0 1 40 1;
20 32 0 0 0 32 0;
21 22 0 0 1 21 0;
22 6 0 0 1 5 0;
23 1 0 0 1 0 0;
24 5 0 0 1 2 2;
25 0 0 0 0 0 0;
26 289 0 0 12 220 57;
27 29 0 0 3 21 5;
28 62 0 0 5 42 15;
29 37 0 0 5 29 3;
30 3 0 0 3 0 0;
31 21 0 0 5 8 8;
32 5 0 0 5 0 0;
33 63 0 0 3 57 3;
34 9 0 0 1 7 1;
35 54 0 0 2 50 2;
36 51 0 0 2 48 1;
37 1 0 0 0 1 0;
38 0 0 0 0 0 0;
39 0 0 0 0 0 0;
40 14 0 0 0 14 0;
! 0000 057 02 99 08 1142;
1 2959 33 10 31 1468 1417;
2 2628 8 5 18 1213 1384;
3 274 0 0 0 48 226;
4 307 0 0 0 48 259;
5 5 0 0 0 1 4;
6 0 0 0 0 0 0;
7 224 0 0 0 16 208;
8 0 0 0 0 0 0;
9 29 0 0 0 0 29;
10 0 0 0 0 0 0;
11 0 0 0 0 0 0;
12 0 0 0 0 0 0;
13 0 0 0 0 0 0;
14 0 0 0 0 0 0;
15 0 0 0 0 0 0;
16 303 0 0 0 48 255;
17 224 0 0 0 16 208;
18 9 0 0 0 6 3;
19 17 0 0 0 8 9;
20 29 0 0 0 0 29;
21 24 0 0 0 18 6;
22 0 0 0 0 0 0;
23 0 0 0 0 0 0;
24 4 0 0 0 0 4;
25 0 0 0 0 0 0;
26 293 0 0 0 83 210;
27 52 0 0 0 0 52;
28 134 0 0 0 26 108;
29 134 0 0 0 26 108;
30 0 0 0 0 0 0;
31 43 0 0 0 0 43;
32 43 0 0 0 0 43;
33 95 0 0 0 13 82;
34 31 0 0 0 0 31;
35 64 0 0 0 13 51;
36 64 0 0 0 13 51;
37 0 0 0 0 0 0;
38 0 0 0 0 0 0;
39 0 0 0 0 0 0;
40 29 0 0 0 0 29;
! 0000 057 02 99 08 1144;
1 437 1 2 0 434 0;
2 437 1 2 0 434 0;
3 28 0 0 0 28 0;
4 28 0 0 0 28 0;
5 0 0 0 0 0 0;
6 0 0 0 0 0 0;
7 0 0 0 0 0 0;
8 0 0 0 0 0 0;
9 0 0 0 0 0 0;
10 0 0 0 0 0 0;
11 0 0 0 0 0 0;
12 0 0 0 0 0 0;
13 0 0 0 0 0 0;
14 0 0 0 0 0 0;
15 0 0 0 0 0 0;
16 26 0 0 0 26 0;
17 0 0 0 0 0 0;
18 1 0 0 0 1 0;
19 0 0 0 0 0 0;
20 1 0 0 0 1 0;
21 24 0 0 0 24 0;
22 0 0 0 0 0 0;
23 0 0 0 0 0 0;
24 0 0 0 0 0 0;
25 0 0 0 0 0 0;
26 26 0 0 0 26 0;
27 0 0 0 0 0 0;
28 303 0 0 0 303 0;
29 303 0 0 0 303 0;
30 0 0 0 0 0 0;
31 0 0 0 0 0 0;
32 0 0 0 0 0 0;
33 241 0 0 0 241 0;
34 0 0 0 0 0 0;
35 241 0 0 0 241 0;
36 241 0 0 0 241 0;
37 0 0 0 0 0 0;
38 0 0 0 0 0 0;
39 0 0 0 0 0 0;
40 0 0 0 0 0 0;
! 0000 057 02 99 08 1145;
1 11301 0 52 232 8527 1408;
2 6047 0 29 190 5637 171;
3 494 0 4 20 413 57;
4 655 0 4 25 559 67;
5 15 0 0 2 13 0;
6 0 0 0 0 0 0;
7 171 0 1 8 157 5;
8 24 0 0 0 24 0;
9 237 0 1 4 177 55;
10 128 0 0 11 113 4;
11 5 0 0 0 4 1;
12 0 0 0 0 0 0;
13 0 0 0 0 0 0;
14 1 0 1 0 0 0;
15 1 0 1 0 0 0;
16 633 0 1 14 561 57;
17 87 0 0 3 72 12;
18 96 0 0 2 94 0;
19 175 0 0 6 156 13;
20 51 0 0 1 45 5;
21 222 0 1 2 194 25;
22 5 0 0 2 3 0;
23 2 0 0 2 0 0;
24 8 0 3 2 0 3;
25 2 0 1 0 1 0;
26 609 0 13 17 521 58;
27 1011 0 10 100 1 900;
28 12534 0 1200 6397 4598 339;
29 5335 0 1200 414 3440 281;
30 1 0 0 0 1 0;
31 1572 0 1200 370 1 1;
32 1572 0 1200 370 1 1;
33 29166 0 1124 25902 1590 550;
34 851 0 370 30 1 450;
35 28315 0 754 25872 1589 100;
36 2417 0 754 151 1414 98;
37 87 0 0 7 80 0;
38 0 0 0 0 0 0;
39 0 0 0 0 0 0;
40 7 0 0 7 0 0;
! 0000 057 02 99 08 1146;
1 2028 4 47 75 1873 29;
2 1627 3 33 64 1515 12;
3 1512 0 1 17 1491 3;
4 1823 0 3 19 1796 5;
5 27 0 1 0 26 0;
6 0 0 0 0 0 0;
7 63 0 0 1 62 0;
8 4 0 0 0 4 0;
9 131 0 0 2 129 0;
10 28 0 0 1 27 0;
11 0 0 0 0 0 0;
12 0 0 0 0 0 0;
13 0 0 0 0 0 0;
14 0 0 0 0 0 0;
15 0 0 0 0 0 0;
16 1809 0 3 19 1782 5;
17 224 0 0 0 219 5;
18 431 0 3 11 417 0;
19 112 0 0 0 112 0;
20 122 0 0 0 122 0;
21 231 0 0 6 225 0;
22 13 0 0 0 13 0;
23 6 0 0 0 6 0;
24 1 0 0 0 0 1;
25 1 0 0 0 0 1;
26 1792 0 3 19 1765 5;
27 220 0 0 0 0 220;
28 77808 0 4595 21783 51430 0;
29 69918 0 2075 19582 48261 0;
30 0 0 0 0 0 0;
31 2075 0 2075 0 0 0;
32 2075 0 2075 0 0 0;
33 3745 0 180 1060 2500 5;
34 5 0 0 0 0 5;
35 3740 0 180 1060 2500 0;
36 3356 0 90 958 2308 0;
37 0 0 0 0 0 0;
38 0 0 0 0 0 0;
39 0 0 0 0 0 0;
40 3 0 0 0 0 3;
! 0000 057 02 99 08 1147;
1 591 0 7 23 553 8;
2 514 0 4 21 483 6;
3 120 0 0 0 118 2;
4 131 0 0 0 123 8;
5 15 0 0 0 15 0;
6 0 0 0 0 0 0;
7 5 0 0 0 1 4;
8 1 0 0 0 1 0;
9 21 0 0 0 17 4;
10 13 0 0 0 13 0;
11 0 0 0 0 0 0;
12 0 0 0 0 0 0;
13 0 0 0 0 0 0;
14 0 0 0 0 0 0;
15 0 0 0 0 0 0;
16 132 0 0 0 124 8;
17 7 0 0 0 7 0;
18 11 0 0 0 11 0;
19 12 0 0 0 12 0;
20 17 0 0 0 13 4;
21 40 0 0 0 39 1;
22 0 0 0 0 0 0;
23 0 0 0 0 0 0;
24 1 0 0 0 0 1;
25 0 0 0 0 0 0;
26 37 0 0 0 32 5;
27 509 0 0 0 15 494;
28 83 0 0 0 53 30;
29 83 0 0 0 53 30;
30 490 0 0 0 0 490;
31 30 0 0 0 0 30;
32 30 0 0 0 0 30;
33 288 0 0 0 29 259;
34 257 0 0 0 7 250;
35 31 0 0 0 22 9;
36 31 0 0 0 22 9;
37 2 0 0 0 2 0;
38 0 0 0 0 0 0;
39 0 0 0 0 0 0;
40 1 0 0 0 0 1;
! 0000 057 02 99 08 1149;
1 952 0 5 10 705 232;
2 808 0 5 7 681 115;
3 191 0 0 4 156 31;
4 437 0 0 5 326 106;
5 17 0 0 2 15 0;
6 0 0 0 0 0 0;
7 16 0 0 0 8 8;
8 0 0 0 0 0 0;
9 9 0 0 0 9 0;
10 40 0 0 0 40 0;
11 0 0 0 0 0 0;
12 0 0 0 0 0 0;
13 0 0 0 0 0 0;
14 0 0 0 0 0 0;
15 0 0 0 0 0 0;
16 432 0 0 4 322 106;
17 93 0 0 0 75 18;
18 63 0 0 0 63 0;
19 35 0 0 0 35 0;
20 9 0 0 0 4 5;
21 26 0 0 0 26 0;
22 1 0 0 0 1 0;
23 0 0 0 0 0 0;
24 2 0 0 1 1 0;
25 1 0 0 1 0 0;
26 406 0 0 4 296 106;
27 22 0 0 15 5 2;
28 727 0 0 325 350 52;
29 542 0 0 325 206 11;
30 0 0 0 0 0 0;
31 110 0 0 0 110 0;
32 0 0 0 0 0 0;
33 192 0 0 144 32 16;
34 7 0 0 5 1 1;
35 185 0 0 139 31 15;
36 173 0 0 139 28 6;
37 0 0 0 0 0 0;
38 0 0 0 0 0 0;
39 0 0 0 0 0 0;
40 2 0 0 0 0 2;
! 0000 057 02 99 08 1150;
1 7760 0 12 274 4759 2715;
2 2854 0 6 71 2291 486;
3 1403 0 1 17 916 469;
4 1636 0 1 17 1068 550;
5 27 0 0 5 22 0;
6 0 0 0 0 0 0;
7 263 0 0 5 256 2;
8 0 0 0 0 0 0;
9 34 0 0 4 30 0;
10 18 0 0 2 16 0;
11 0 0 0 0 0 0;
12 0 0 0 0 0 0;
13 0 0 0 0 0 0;
14 0 0 0 0 0 0;
15 0 0 0 0 0 0;
16 1611 0 0 12 988 611;
17 337 0 0 0 276 61;
18 353 0 0 4 340 9;
19 31 0 0 3 28 0;
20 16 0 0 0 14 2;
21 184 0 0 1 182 1;
22 33 0 0 1 32 0;
23 19 0 0 1 18 0;
24 1 0 0 0 0 1;
25 0 0 0 0 0 0;
26 1636 0 1 12 998 625;
27 4870 0 0 4430 0 440;
28 10624 0 0 2985 7137 502;
29 4991 0 0 452 4422 117;
30 0 0 0 0 0 0;
31 12 0 0 0 0 12;
32 2 0 0 0 0 2;
33 7122 0 0 3072 3640 410;
34 1704 0 0 1550 0 154;
35 5418 0 0 1522 3640 256;
36 2545 0 0 230 2255 60;
37 0 0 0 0 0 0;
38 0 0 0 0 0 0;
39 0 0 0 0 0 0;
40 104 0 0 8 3 93;
! 0000 057 02 99 08 1152;
1 1767 2 15 37 1703 10;
2 1767 2 15 37 1703 10;
3 195 0 0 14 181 0;
4 195 0 0 14 181 0;
5 60 0 0 2 58 0;
6 23 0 0 0 23 0;
7 17 0 0 3 14 0;
8 23 0 0 2 21 0;
9 41 0 0 7 34 0;
10 31 0 0 0 31 0;
11 0 0 0 0 0 0;
12 0 0 0 0 0 0;
13 0 0 0 0 0 0;
14 0 0 0 0 0 0;
15 0 0 0 0 0 0;
16 170 0 0 9 161 0;
17 25 0 0 0 25 0;
18 41 0 0 2 39 0;
19 36 0 0 1 35 0;
20 11 0 0 0 11 0;
21 57 0 0 6 51 0;
22 10 0 0 0 10 0;
23 5 0 0 0 5 0;
24 1 0 0 0 1 0;
25 1 0 0 0 1 0;
26 195 0 0 14 181 0;
27 23 0 0 0 23 0;
28 1402 0 0 0 1402 0;
29 1102 0 0 0 1102 0;
30 0 0 0 0 0 0;
31 36 0 0 0 36 0;
32 0 0 0 0 0 0;
33 802 0 0 0 802 0;
34 9 0 0 0 9 0;
35 793 0 0 0 793 0;
36 607 0 0 0 607 0;
37 0 0 0 0 0 0;
38 0 0 0 0 0 0;
39 0 0 0 0 0 0;
40 0 0 0 0 0 0;
! 0000 057 02 99 08 1153;
1 4996 2 13 38 4118 825;
2 2581 1 4 27 2450 99;
3 537 0 0 2 501 34;
4 1271 0 2 2 1088 179;
5 55 0 0 1 47 7;
6 0 0 0 0 0 0;
7 233 0 0 0 198 35;
8 0 0 0 0 0 0;
9 144 0 0 0 115 29;
10 13 0 0 0 11 2;
11 0 0 0 0 0 0;
12 0 0 0 0 0 0;
13 0 0 0 0 0 0;
14 12 0 0 0 12 0;
15 12 0 0 0 12 0;
16 1265 0 2 2 1078 183;
17 232 0 1 0 206 25;
18 122 0 0 0 120 2;
19 44 0 0 0 43 1;
20 126 0 1 0 99 26;
21 50 0 0 2 24 24;
22 5 0 0 0 5 0;
23 4 0 0 0 4 0;
24 15 0 0 0 4 11;
25 0 0 0 0 0 0;
26 1256 0 1 1 1074 180;
27 156 0 0 0 152 4;
28 872 0 0 109 543 220;
29 388 0 0 109 191 88;
30 0 0 0 0 0 0;
31 373 0 0 0 319 54;
32 27 0 0 0 1 26;
33 1462 0 0 48 1370 44;
34 34 0 0 0 33 1;
35 1428 0 0 48 1337 43;
36 428 0 0 48 337 43;
37 0 0 0 0 0 0;
38 0 0 0 0 0 0;
39 0 0 0 0 0 0;
40 6 0 0 0 1 5;
! 0000 057 02 99 08 1154;
1 469 5 3 9 434 8;
2 336 5 3 9 308 11;
3 92 0 0 6 78 8;
4 97 0 0 7 75 15;
5 0 0 0 0 0 0;
6 0 0 0 0 0 0;
7 3 0 0 0 0 3;
8 0 0 0 0 0 0;
9 2 0 0 0 1 1;
10 0 0 0 0 0 0;
11 0 0 0 0 0 0;
12 0 0 0 0 0 0;
13 0 0 0 0 0 0;
14 0 0 0 0 0 0;
15 0 0 0 0 0 0;
16 96 0 0 7 75 14;
17 6 0 0 1 5 0;
18 49 0 0 6 34 9;
19 10 0 0 0 10 0;
20 4 0 0 0 4 0;
21 7 0 0 0 7 0;
22 2 0 0 0 2 0;
23 0 0 0 0 0 0;
24 0 0 0 0 0 0;
25 1 0 0 0 0 1;
26 78 0 0 6 61 11;
27 0 0 0 0 0 0;
28 396 0 0 0 42 354;
29 396 0 0 0 42 354;
30 0 0 0 0 0 0;
31 0 0 0 0 0 0;
32 0 0 0 0 0 0;
33 170 0 0 0 22 148;
34 0 0 0 0 0 0;
35 170 0 0 0 22 148;
36 170 0 0 0 22 148;
37 0 0 0 0 0 0;
38 0 0 0 0 0 0;
39 0 0 0 0 0 0;
40 0 0 0 0 0 0;
! 0000 057 02 99 08 1156;
1 606 10 11 18 514 53;
2 507 9 4 18 449 9;
3 96 0 0 0 92 4;
4 101 0 0 0 97 4;
5 0 0 0 0 0 0;
6 0 0 0 0 0 0;
7 5 0 0 0 1 4;
8 0 0 0 0 0 0;
9 1 0 0 0 1 0;
10 0 0 0 0 0 0;
11 0 0 0 0 0 0;
12 0 0 0 0 0 0;
13 0 0 0 0 0 0;
14 0 0 0 0 0 0;
15 0 0 0 0 0 0;
16 96 0 0 0 92 4;
17 9 0 0 0 5 4;
18 51 0 0 0 51 0;
19 9 0 0 0 9 0;
20 6 0 0 0 6 0;
21 21 0 0 0 21 0;
22 8 0 0 0 8 0;
23 3 0 0 0 3 0;
24 1 0 0 0 0 1;
25 0 0 0 0 0 0;
26 95 0 0 0 90 5;
27 90 0 0 0 0 90;
28 8 0 0 0 6 2;
29 8 0 0 0 6 2;
30 0 0 0 0 0 0;
31 2 0 0 0 2 0;
32 2 0 0 0 2 0;
33 21 0 0 0 3 18;
34 17 0 0 0 0 17;
35 4 0 0 0 3 1;
36 4 0 0 0 3 1;
37 0 0 0 0 0 0;
38 0 0 0 0 0 0;
39 0 0 0 0 0 0;
40 1 0 0 0 1 0;
! 0000 057 02 99 08 1157;
1 3110 22 3 50 2888 147;
2 2575 22 2 50 2375 126;
3 661 0 1 4 590 64;
4 791 0 1 3 713 74;
5 25 0 0 0 24 1;
6 0 0 0 0 0 0;
7 92 0 0 1 55 36;
8 5 0 0 2 3 0;
9 34 0 0 0 19 15;
10 27 0 0 0 25 2;
11 1 0 0 0 1 0;
12 0 0 0 0 0 0;
13 0 0 0 0 0 0;
14 1 0 1 0 0 0;
15 1 0 1 0 0 0;
16 785 0 1 3 707 74;
17 103 0 0 0 52 51;
18 150 0 0 0 145 5;
19 42 0 0 0 40 2;
20 113 0 0 0 113 0;
21 54 0 0 0 50 4;
22 17 0 0 0 17 0;
23 14 0 0 0 14 0;
24 1 0 0 0 0 1;
25 0 0 0 0 0 0;
26 717 0 1 2 669 45;
27 125 0 0 0 63 62;
28 384 0 0 140 117 127;
29 119 0 0 0 91 28;
30 28 0 0 0 0 28;
31 100 0 0 0 5 95;
32 2 0 0 0 2 0;
33 103 0 0 6 71 26;
34 19 0 0 0 9 10;
35 84 0 0 6 62 16;
36 41 0 0 0 34 7;
37 1 0 0 0 1 0;
38 0 0 0 0 0 0;
39 0 0 0 0 0 0;
40 27 0 0 0 2 25;
! 0000 057 02 99 08 1158;
1 8361 3 4 5 7156 1193;
2 1561 2 3 7 489 1329;
3 332 0 0 0 316 16;
4 1112 0 0 0 109 1003;
5 0 0 0 0 0 0;
6 0 0 0 0 0 0;
7 1084 0 0 0 104 980;
8 0 0 0 0 0 0;
9 28 0 0 0 5 23;
10 0 0 0 0 0 0;
11 0 0 0 0 0 0;
12 0 0 0 0 0 0;
13 0 0 0 0 0 0;
14 0 0 0 0 0 0;
15 0 0 0 0 0 0;
16 1037 0 0 0 430 607;
17 269 0 0 0 91 178;
18 276 0 0 0 166 110;
19 151 0 0 0 47 104;
20 162 0 0 0 47 115;
21 179 0 0 0 79 100;
22 10 0 0 0 9 1;
23 1 0 0 0 1 0;
24 87 0 0 0 41 46;
25 0 0 0 0 0 0;
26 1037 0 0 0 430 607;
27 130 0 0 0 66 64;
28 518 0 0 0 348 170;
29 108 0 0 0 78 30;
30 10 0 0 0 6 4;
31 202 0 0 0 101 101;
32 54 0 0 0 28 26;
33 781 0 0 0 599 182;
34 113 0 0 0 109 4;
35 668 0 0 0 490 178;
36 517 0 0 0 390 127;
37 0 0 0 0 0 0;
38 0 0 0 0 0 0;
39 22 0 0 0 0 22;
40 64 0 0 0 44 20;
! 0000 057 02 99 08 1160;
1 5255 0 66 110 4392 671;
2 4473 0 56 107 3849 266;
3 1608 0 3 56 1353 196;
4 1810 0 2 56 1421 331;
5 67 0 0 0 33 34;
6 1 0 0 0 1 0;
7 407 0 0 0 326 81;
8 32 0 0 0 30 2;
9 526 0 0 56 385 85;
10 70 0 0 0 70 0;
11 14 0 0 0 6 8;
12 0 0 0 0 0 0;
13 0 0 0 0 0 0;
14 0 0 0 0 0 0;
15 0 0 0 0 0 0;
16 1966 0 1 56 1378 531;
17 401 0 0 3 316 82;
18 361 0 0 5 338 18;
19 209 0 0 13 155 41;
20 278 0 0 10 236 32;
21 240 0 0 25 211 4;
22 65 0 0 0 65 0;
23 30 0 0 0 30 0;
24 15 0 0 0 2 13;
25 3 0 0 0 0 3;
26 1147 0 1 26 908 212;
27 6468 0 0 10 600 5858;
28 4795 0 0 17 1558 3220;
29 1032 0 0 15 742 275;
30 2 0 0 0 0 2;
31 1034 0 0 0 585 449;
32 252 0 0 0 50 202;
33 3364 0 0 11 807 2546;
34 2504 0 0 3 132 2369;
35 860 0 0 8 675 177;
36 366 0 0 7 305 54;
37 3 0 0 0 1 2;
38 0 0 0 0 0 0;
39 0 0 0 0 0 0;
40 137 0 0 0 133 4;
! 0000 057 02 99 08 1161;
1 3618 37 20 170 2824 567;
2 2658 23 7 96 2383 149;
3 714 0 0 27 667 20;
4 1061 0 0 26 875 160;
5 0 0 0 0 0 0;
6 0 0 0 0 0 0;
7 178 0 0 12 165 1;
8 30 0 0 1 29 0;
9 182 0 0 1 159 22;
10 16 0 0 0 16 0;
11 0 0 0 0 0 0;
12 0 0 0 0 0 0;
13 0 0 0 0 0 0;
14 0 0 0 0 0 0;
15 0 0 0 0 0 0;
16 1046 0 0 25 862 159;
17 242 0 0 9 204 29;
18 303 0 0 4 288 11;
19 95 0 0 2 92 1;
20 161 0 0 0 134 27;
21 122 0 0 1 111 10;
22 7 0 0 1 6 0;
23 0 0 0 0 0 0;
24 6 0 0 0 0 6;
25 1 0 0 0 0 1;
26 810 0 0 21 619 170;
27 90 0 0 0 3 87;
28 823 0 0 21 254 548;
29 518 0 0 13 148 357;
30 0 0 0 0 0 0;
31 506 0 0 0 97 409;
32 369 0 0 0 97 272;
33 241 0 0 6 93 142;
34 20 0 0 0 0 20;
35 221 0 0 6 93 122;
36 190 0 0 3 82 105;
37 0 0 0 0 0 0;
38 0 0 0 0 0 0;
39 0 0 0 0 0 0;
40 155 0 0 4 72 79;
! 0000 057 02 99 08 1163;
1 3306 1 9 29 3220 47;
2 2913 1 9 29 2827 47;
3 875 0 0 8 845 22;
4 952 0 0 11 919 22;
5 25 0 0 2 23 0;
6 0 0 0 0 0 0;
7 130 0 0 1 121 8;
8 0 0 0 0 0 0;
9 19 0 0 0 19 0;
10 0 0 0 0 0 0;
11 0 0 0 0 0 0;
12 0 0 0 0 0 0;
13 0 0 0 0 0 0;
14 0 0 0 0 0 0;
15 0 0 0 0 0 0;
16 920 0 0 8 901 11;
17 121 0 0 0 121 0;
18 84 0 0 2 82 0;
19 5 0 0 1 4 0;
20 30 0 0 2 28 0;
21 65 0 0 0 65 0;
22 19 0 0 0 19 0;
23 17 0 0 0 17 0;
24 1 0 0 0 0 1;
25 0 0 0 0 0 0;
26 920 0 0 8 900 12;
27 193 0 0 0 0 193;
28 11 0 0 0 5 6;
29 7 0 0 0 5 2;
30 0 0 0 0 0 0;
31 1 0 0 0 0 1;
32 1 0 0 0 0 1;
33 100 0 0 0 3 97;
34 96 0 0 0 0 96;
35 4 0 0 0 3 1;
36 3 0 0 0 2 1;
37 0 0 0 0 0 0;
38 0 0 0 0 0 0;
39 0 0 0 0 0 0;
40 0 0 0 0 0 0;
! 0000 057 02 99 08 1164;
1 1037 1 16 139 881 0;
2 1037 1 16 139 881 0;
3 486 0 0 0 486 0;
4 486 0 0 0 486 0;
5 8 0 0 0 8 0;
6 0 0 0 0 0 0;
7 121 0 0 0 121 0;
8 19 0 0 0 19 0;
9 338 0 0 0 338 0;
10 0 0 0 0 0 0;
11 0 0 0 0 0 0;
12 0 0 0 0 0 0;
13 0 0 0 0 0 0;
14 0 0 0 0 0 0;
15 0 0 0 0 0 0;
16 469 0 0 0 469 0;
17 309 0 0 0 309 0;
18 91 0 0 0 91 0;
19 0 0 0 0 0 0;
20 29 0 0 0 29 0;
21 21 0 0 0 21 0;
22 3 0 0 0 3 0;
23 0 0 0 0 0 0;
24 0 0 0 0 0 0;
25 0 0 0 0 0 0;
26 469 0 0 0 469 0;
27 0 0 0 0 0 0;
28 89 0 0 0 89 0;
29 89 0 0 0 89 0;
30 0 0 0 0 0 0;
31 0 0 0 0 0 0;
32 0 0 0 0 0 0;
33 58 0 0 0 58 0;
34 0 0 0 0 0 0;
35 58 0 0 0 58 0;
36 58 0 0 0 58 0;
37 0 0 0 0 0 0;
38 0 0 0 0 0 0;
39 0 0 0 0 0 0;
40 0 0 0 0 0 0;
! 0000 057 02 99 08 1165;
1 3218 3 0 181 2710 319;
2 2705 3 0 91 2484 122;
3 692 0 0 8 664 20;
4 1175 2 0 31 994 148;
5 28 0 0 0 28 0;
6 0 0 0 0 0 0;
7 373 0 0 6 284 83;
8 40 0 0 4 36 0;
9 205 0 0 4 186 15;
10 157 0 0 3 153 1;
11 0 0 0 0 0 0;
12 0 0 0 0 0 0;
13 0 0 0 0 0 0;
14 0 0 0 0 0 0;
15 0 0 0 0 0 0;
16 1175 2 0 31 1026 116;
17 441 2 0 5 361 73;
18 295 0 0 8 280 7;
19 134 0 0 7 126 1;
20 85 0 0 8 72 5;
21 74 0 0 3 70 1;
22 16 0 0 1 15 0;
23 3 0 0 0 3 0;
24 16 0 0 0 6 10;
25 2 0 0 0 2 0;
26 1020 2 0 31 882 105;
27 459 0 0 0 352 107;
28 1380 0 0 129 1128 123;
29 997 0 0 10 941 46;
30 180 0 0 0 180 0;
31 309 0 0 121 175 13;
32 127 0 0 0 124 3;
33 735 0 0 52 592 91;
34 183 0 0 0 141 42;
35 552 0 0 52 451 49;
36 399 0 0 4 376 19;
37 40 0 0 1 37 2;
38 0 0 0 0 0 0;
39 2 0 0 0 2 0;
40 120 0 0 1 117 2;
! 0000 057 02 99 08 1166;
1 1000 6 2 22 691 279;
2 740 5 2 22 620 91;
3 171 0 0 12 141 18;
4 239 0 0 12 184 43;
5 20 0 0 5 10 5;
6 0 0 0 0 0 0;
7 17 0 0 0 9 8;
8 0 0 0 0 0 0;
9 48 0 0 6 40 2;
10 1 0 0 0 1 0;
11 0 0 0 0 0 0;
12 0 0 0 0 0 0;
13 0 0 0 0 0 0;
14 0 0 0 0 0 0;
15 0 0 0 0 0 0;
16 239 0 0 12 184 43;
17 30 0 0 0 19 11;
18 33 0 0 2 28 3;
19 38 0 0 2 30 6;
20 37 0 0 3 29 5;
21 15 0 0 3 11 1;
22 5 0 0 0 5 0;
23 1 0 0 0 1 0;
24 1 0 0 0 0 1;
25 0 0 0 0 0 0;
26 231 0 0 8 181 42;
27 0 0 0 0 0 0;
28 69 0 0 0 39 30;
29 38 0 0 0 33 5;
30 0 0 0 0 0 0;
31 10 0 0 0 0 10;
32 4 0 0 0 0 4;
33 36 0 0 0 32 4;
34 0 0 0 0 0 0;
35 36 0 0 0 32 4;
36 16 0 0 0 14 2;
37 1 0 0 0 1 0;
38 0 0 0 0 0 0;
39 0 0 0 0 0 0;
40 1 0 0 0 0 1;
! 0000 057 02 99 08 1168;
1 3192 1 2 2 3187 0;
2 3192 1 2 2 3187 0;
3 282 0 0 0 282 0;
4 282 0 0 0 282 0;
5 0 0 0 0 0 0;
6 0 0 0 0 0 0;
7 8 0 0 0 8 0;
8 0 0 0 0 0 0;
9 15 0 0 0 15 0;
10 15 0 0 0 15 0;
11 0 0 0 0 0 0;
12 0 0 0 0 0 0;
13 0 0 0 0 0 0;
14 0 0 0 0 0 0;
15 0 0 0 0 0 0;
16 282 0 0 0 282 0;
17 12 0 0 0 12 0;
18 7 0 0 0 7 0;
19 8 0 0 0 8 0;
20 15 0 0 0 15 0;
21 157 0 0 0 157 0;
22 16 0 0 0 16 0;
23 0 0 0 0 0 0;
24 0 0 0 0 0 0;
25 0 0 0 0 0 0;
26 282 0 0 0 282 0;
27 0 0 0 0 0 0;
28 34 0 0 0 34 0;
29 34 0 0 0 34 0;
30 0 0 0 0 0 0;
31 0 0 0 0 0 0;
32 0 0 0 0 0 0;
33 17 0 0 0 17 0;
34 0 0 0 0 0 0;
35 17 0 0 0 17 0;
36 17 0 0 0 17 0;
37 1 0 0 0 1 0;
38 0 0 0 0 0 0;
39 0 0 0 0 0 0;
40 0 0 0 0 0 0;
! 0000 057 02 99 08 1169;
1 1762 0 8 57 1073 624;
2 1116 0 7 53 1056 0;
3 313 0 0 1 312 0;
4 494 0 0 1 407 86;
5 35 0 0 0 35 0;
6 0 0 0 0 0 0;
7 152 0 0 1 65 86;
8 0 0 0 0 0 0;
9 15 0 0 0 15 0;
10 1 0 0 0 1 0;
11 0 0 0 0 0 0;
12 0 0 0 0 0 0;
13 0 0 0 0 0 0;
14 0 0 0 0 0 0;
15 0 0 0 0 0 0;
16 488 0 0 1 401 86;
17 152 0 0 1 65 86;
18 226 0 0 0 226 0;
19 44 0 0 0 44 0;
20 17 0 0 0 17 0;
21 49 0 0 0 49 0;
22 1 0 0 0 1 0;
23 4 0 0 0 4 0;
24 0 0 0 0 0 0;
25 0 0 0 0 0 0;
26 488 0 0 1 401 86;
27 243 0 0 0 0 243;
28 605 0 0 0 442 163;
29 213 0 0 0 194 19;
30 0 0 0 0 0 0;
31 5 0 0 0 0 5;
32 5 0 0 0 0 5;
33 320 0 0 0 193 127;
34 102 0 0 0 0 102;
35 218 0 0 0 193 25;
36 136 0 0 0 124 12;
37 0 0 0 0 0 0;
38 0 0 0 0 0 0;
39 0 0 0 0 0 0;
40 71 0 0 0 0 71;
! 0000 057 02 99 08 1170;
1 2015 19 46 53 1711 186;
2 1578 8 7 44 1351 168;
3 447 0 0 6 360 81;
4 471 0 0 7 377 87;
5 6 0 0 1 3 2;
6 0 0 0 0 0 0;
7 28 0 0 0 24 4;
8 0 0 0 0 0 0;
9 23 0 0 0 23 0;
10 0 0 0 0 0 0;
11 0 0 0 0 0 0;
12 0 0 0 0 0 0;
13 0 0 0 0 0 0;
14 0 0 0 0 0 0;
15 0 0 0 0 0 0;
16 468 0 0 7 377 84;
17 60 0 0 2 44 14;
18 73 0 0 4 60 9;
19 25 0 0 0 24 1;
20 11 0 0 0 11 0;
21 210 0 0 0 208 2;
22 6 0 0 0 6 0;
23 4 0 0 0 4 0;
24 2 0 0 0 0 2;
25 1 0 0 0 0 1;
26 472 0 0 7 377 88;
27 116 0 0 0 7 109;
28 734 0 0 272 314 148;
29 316 0 0 143 66 107;
30 4 0 0 0 0 4;
31 22 0 0 0 0 22;
32 22 0 0 0 0 22;
33 242 0 0 68 82 92;
34 58 0 0 0 3 55;
35 184 0 0 68 79 37;
36 79 0 0 36 16 27;
37 0 0 0 0 0 0;
38 0 0 0 0 0 0;
39 0 0 0 0 0 0;
40 0 0 0 0 0 0;
! 0000 057 02 99 08 1171;
1 3477 2 5 155 3154 161;
2 3123 2 5 122 2833 161;
3 1407 1 2 38 1276 90;
4 1447 1 3 44 1309 90;
5 7 0 0 0 7 0;
6 0 0 0 0 0 0;
7 204 0 0 0 177 27;
8 0 0 0 0 0 0;
9 26 0 0 0 11 15;
10 212 0 0 0 197 15;
11 0 0 0 0 0 0;
12 0 0 0 0 0 0;
13 0 0 0 0 0 0;
14 1 0 1 0 0 0;
15 1 0 1 0 0 0;
16 1441 1 2 44 1304 90;
17 286 0 0 0 259 27;
18 411 0 0 1 407 3;
19 237 0 0 0 202 35;
20 152 0 0 0 137 15;
21 209 0 0 3 206 0;
22 52 0 0 8 44 0;
23 27 0 0 3 24 0;
24 3 0 0 0 0 3;
25 3 0 0 0 0 3;
26 1437 1 2 44 1309 81;
27 271 0 0 0 21 250;
28 3202 0 400 405 2116 281;
29 2457 0 152 282 1742 281;
30 0 0 0 0 0 0;
31 272 0 0 0 0 272;
32 272 0 0 0 0 272;
33 2236 0 190 190 1329 527;
34 298 0 0 0 32 266;
35 1938 0 190 190 1297 261;
36 1372 0 127 129 1039 77;
37 595 0 0 0 483 112;
38 0 0 0 0 0 0;
39 0 0 0 0 0 0;
40 2 0 0 0 0 2;
! 0000 057 02 99 08 1173;
1 1647 13 21 20 917 686;
2 720 4 12 15 519 178;
3 79 0 0 0 21 58;
4 363 0 0 0 71 292;
5 0 0 0 0 0 0;
6 0 0 0 0 0 0;
7 103 0 0 0 4 99;
8 0 0 0 0 0 0;
9 60 0 0 0 0 60;
10 0 0 0 0 0 0;
11 0 0 0 0 0 0;
12 0 0 0 0 0 0;
13 0 0 0 0 0 0;
14 0 0 0 0 0 0;
15 0 0 0 0 0 0;
16 363 0 0 0 71 292;
17 208 0 0 0 42 166;
18 12 0 0 0 8 4;
19 5 0 0 0 2 3;
20 100 0 0 0 4 96;
21 16 0 0 0 14 2;
22 4 0 0 0 1 3;
23 0 0 0 0 0 0;
24 5 0 0 0 0 5;
25 0 0 0 0 0 0;
26 249 0 0 0 41 208;
27 137 0 0 0 22 115;
28 692 0 0 0 176 516;
29 570 0 0 0 97 473;
30 25 0 0 0 22 3;
31 288 0 0 0 0 288;
32 263 0 0 0 0 263;
33 165 0 0 0 39 126;
34 27 0 0 0 4 23;
35 138 0 0 0 35 103;
36 114 0 0 0 19 95;
37 0 0 0 0 0 0;
38 0 0 0 0 0 0;
39 0 0 0 0 0 0;
40 1 0 0 0 0 1;
! 0000 057 02 99 08 1174;
1 0 0 0 0 0 0;
2 0 0 0 0 0 0;
3 0 0 0 0 0 0;
4 0 0 0 0 0 0;
5 0 0 0 0 0 0;
6 0 0 0 0 0 0;
7 0 0 0 0 0 0;
8 0 0 0 0 0 0;
9 0 0 0 0 0 0;
10 0 0 0 0 0 0;
11 0 0 0 0 0 0;
12 0 0 0 0 0 0;
13 0 0 0 0 0 0;
14 0 0 0 0 0 0;
15 0 0 0 0 0 0;
16 0 0 0 0 0 0;
17 0 0 0 0 0 0;
18 0 0 0 0 0 0;
19 0 0 0 0 0 0;
20 0 0 0 0 0 0;
21 0 0 0 0 0 0;
22 0 0 0 0 0 0;
23 0 0 0 0 0 0;
24 0 0 0 0 0 0;
25 0 0 0 0 0 0;
26 0 0 0 0 0 0;
27 0 0 0 0 0 0;
28 0 0 0 0 0 0;
29 0 0 0 0 0 0;
30 0 0 0 0 0 0;
31 0 0 0 0 0 0;
32 0 0 0 0 0 0;
33 0 0 0 0 0 0;
34 0 0 0 0 0 0;
35 0 0 0 0 0 0;
36 0 0 0 0 0 0;
37 0 0 0 0 0 0;
38 0 0 0 0 0 0;
39 0 0 0 0 0 0;
40 0 0 0 0 0 0;
! 0000 057 02 99 08 1175;
1 3759 2 64 154 3189 289;
2 3323 0 64 154 2958 104;
3 544 0 0 0 493 51;
4 837 0 0 0 762 75;
5 77 0 0 0 68 9;
6 0 0 0 0 0 0;
7 122 0 0 0 82 40;
8 1 0 0 0 1 0;
9 33 0 0 0 33 0;
10 12 0 0 0 11 1;
11 0 0 0 0 0 0;
12 0 0 0 0 0 0;
13 0 0 0 0 0 0;
14 0 0 0 0 0 0;
15 0 0 0 0 0 0;
16 829 0 0 0 771 58;
17 136 0 0 0 102 34;
18 274 0 0 0 251 23;
19 71 0 0 0 71 0;
20 24 0 0 0 24 0;
21 141 0 0 0 141 0;
22 108 0 0 0 106 2;
23 18 0 0 0 18 0;
24 12 0 0 0 12 0;
25 0 0 0 0 0 0;
26 765 0 0 3 717 45;
27 58 0 0 6 49 3;
28 449 0 0 0 335 114;
29 284 0 0 0 230 54;
30 2 0 0 0 0 2;
31 59 0 0 0 44 15;
32 23 0 0 0 8 15;
33 210 0 0 25 166 19;
34 53 0 0 25 25 3;
35 157 0 0 0 141 16;
36 126 0 0 0 110 16;
37 44 0 0 0 44 0;
38 0 0 0 0 0 0;
39 0 0 0 0 0 0;
40 35 0 0 0 35 0;
! 0000 057 02 99 08 1176;
1 1434 0 14 54 1092 274;
2 1433 0 14 54 1092 273;
3 365 0 0 2 211 152;
4 356 0 0 2 201 153;
5 233 0 0 1 154 78;
6 0 0 0 0 0 0;
7 22 0 0 0 22 0;
8 11 0 0 0 11 0;
9 54 0 0 0 0 54;
10 35 0 0 1 14 20;
11 0 0 0 0 0 0;
12 1 0 0 0 0 1;
13 0 0 0 0 0 0;
14 0 0 0 0 0 0;
15 0 0 0 0 0 0;
16 325 0 0 2 198 125;
17 124 0 0 0 121 3;
18 26 0 0 1 25 0;
19 16 0 0 0 16 0;
20 89 0 0 1 14 74;
21 70 0 0 0 22 48;
22 10 0 0 0 10 0;
23 7 0 0 0 7 0;
24 9 0 0 0 0 9;
25 0 0 0 0 0 0;
26 325 0 0 2 201 122;
27 504 0 0 0 1 503;
28 7304 0 0 7016 164 124;
29 7257 0 0 7016 138 103;
30 0 0 0 0 0 0;
31 124 0 0 0 0 124;
32 103 0 0 0 0 103;
33 3535 0 0 3134 99 302;
34 262 0 0 0 10 252;
35 3273 0 0 3134 89 50;
36 3241 0 0 3134 66 41;
37 2621 0 0 2571 9 41;
38 0 0 0 0 0 0;
39 0 0 0 0 0 0;
40 2873 0 0 2571 9 293;
! 0000 057 02 99 08 1177;
1 44 0 1 3 40 0;
2 44 0 1 3 40 0;
3 4 0 0 1 3 0;
4 4 0 0 1 3 0;
5 0 0 0 0 0 0;
6 0 0 0 0 0 0;
7 0 0 0 0 0 0;
8 0 0 0 0 0 0;
9 0 0 0 0 0 0;
10 0 0 0 0 0 0;
11 0 0 0 0 0 0;
12 0 0 0 0 0 0;
13 0 0 0 0 0 0;
14 0 0 0 0 0 0;
15 0 0 0 0 0 0;
16 3 0 0 0 3 0;
17 0 0 0 0 0 0;
18 1 0 0 0 1 0;
19 2 0 0 0 2 0;
20 0 0 0 0 0 0;
21 0 0 0 0 0 0;
22 0 0 0 0 0 0;
23 0 0 0 0 0 0;
24 0 0 0 0 0 0;
25 0 0 0 0 0 0;
26 3 0 0 0 3 0;
27 0 0 0 0 0 0;
28 2 0 0 2 0 0;
29 2 0 0 2 0 0;
30 0 0 0 0 0 0;
31 0 0 0 0 0 0;
32 0 0 0 0 0 0;
33 3 0 0 3 0 0;
34 0 0 0 0 0 0;
35 3 0 0 3 0 0;
36 3 0 0 3 0 0;
37 0 0 0 0 0 0;
38 0 0 0 0 0 0;
39 0 0 0 0 0 0;
40 0 0 0 0 0 0;
! 0000 057 02 99 08 1178;
1 1941 0 10 18 1080 833;
2 814 0 2 14 798 0;
3 323 0 0 1 322 0;
4 649 0 0 0 420 229;
5 46 0 0 0 39 7;
6 0 0 0 0 0 0;
7 186 0 0 0 91 95;
8 13 0 0 0 11 2;
9 137 0 0 0 73 64;
10 2 0 0 0 2 0;
11 0 0 0 0 0 0;
12 0 0 0 0 0 0;
13 0 0 0 0 0 0;
14 0 0 0 0 0 0;
15 0 0 0 0 0 0;
16 646 0 0 0 372 274;
17 189 0 0 0 93 96;
18 259 0 0 0 169 90;
19 28 0 0 0 20 8;
20 89 0 0 0 33 56;
21 53 0 0 0 50 3;
22 59 0 0 0 48 11;
23 17 0 0 0 14 3;
24 8 0 0 0 0 8;
25 3 0 0 0 0 3;
26 622 0 0 0 353 269;
27 2700 0 0 1100 0 1600;
28 1434 0 0 0 744 690;
29 966 0 0 0 482 484;
30 0 0 0 0 0 0;
31 149 0 0 0 0 149;
32 149 0 0 0 0 149;
33 124 0 0 33 22 69;
34 81 0 0 33 0 48;
35 43 0 0 0 22 21;
36 29 0 0 0 14 15;
37 1 0 0 0 1 0;
38 0 0 0 0 0 0;
39 0 0 0 0 0 0;
40 11 0 0 0 0 11;
! 0000 057 02 99 08 1179;
1 1091 0 9 4 428 650;
2 335 0 9 4 300 22;
3 60 0 4 0 56 0;
4 77 0 4 0 58 15;
5 0 0 0 0 0 0;
6 0 0 0 0 0 0;
7 18 0 0 0 18 0;
8 1 0 0 0 1 0;
9 43 0 0 0 28 15;
10 3 0 0 0 3 0;
11 0 0 0 0 0 0;
12 0 0 0 0 0 0;
13 0 0 0 0 0 0;
14 0 0 0 0 0 0;
15 0 0 0 0 0 0;
16 64 0 4 0 50 10;
17 15 0 0 0 15 0;
18 0 0 0 0 0 0;
19 5 0 0 0 5 0;
20 30 0 0 0 21 9;
21 9 0 0 0 9 0;
22 4 0 0 0 4 0;
23 1 0 0 0 1 0;
24 0 0 0 0 0 0;
25 0 0 0 0 0 0;
26 56 0 2 0 43 11;
27 0 0 0 0 0 0;
28 90 0 0 0 62 28;
29 54 0 0 0 26 28;
30 0 0 0 0 0 0;
31 0 0 0 0 0 0;
32 0 0 0 0 0 0;
33 26 0 0 0 19 7;
34 0 0 0 0 0 0;
35 26 0 0 0 19 7;
36 13 0 0 0 6 7;
37 0 0 0 0 0 0;
38 0 0 0 0 0 0;
39 0 0 0 0 0 0;
40 0 0 0 0 0 0;
! 0000 057 02 99 08 1180;
1 1377 3 2 32 1157 183;
2 873 3 2 27 135 96;
3 548 1 2 15 131 77;
4 612 1 3 21 438 149;
5 82 1 1 7 34 39;
6 0 0 0 0 0 0;
7 71 0 0 1 64 6;
8 15 0 0 2 8 5;
9 109 0 0 8 66 35;
10 101 0 0 1 71 29;
11 76 0 0 2 62 12;
12 0 0 0 0 0 0;
13 0 0 0 0 0 0;
14 0 0 0 0 0 0;
15 0 0 0 0 0 0;
16 587 1 3 18 416 149;
17 87 0 0 0 87 0;
18 106 0 0 0 76 30;
19 84 0 0 9 62 13;
20 49 0 0 1 43 5;
21 149 0 0 1 123 25;
22 4 0 0 1 3 0;
23 3 0 0 0 3 0;
24 6 0 0 0 0 6;
25 5 0 0 0 0 5;
26 587 1 3 18 416 149;
27 30 20 0 0 0 10;
28 780 0 0 75 104 601;
29 780 0 0 75 104 601;
30 0 0 0 0 0 0;
31 120 0 0 0 0 120;
32 120 0 0 0 0 120;
33 472 6 0 23 150 293;
34 12 6 0 0 0 6;
35 460 0 0 23 150 287;
36 260 0 0 23 150 87;
37 66 0 0 6 34 26;
38 0 0 0 0 0 0;
39 0 0 0 0 0 0;
40 0 0 0 0 0 0;
! 0000 057 02 99 08 1181;
1 2081 1 0 6 711 1363;
2 634 0 0 6 612 16;
3 141 0 0 0 141 0;
4 1057 0 0 3 240 814;
5 0 0 0 0 0 0;
6 0 0 0 0 0 0;
7 113 0 0 0 37 76;
8 0 0 0 0 0 0;
9 432 0 0 0 96 336;
10 8 0 0 0 0 8;
11 65 0 0 0 1 64;
12 0 0 0 0 0 0;
13 0 0 0 0 0 0;
14 0 0 0 0 0 0;
15 0 0 0 0 0 0;
16 1045 0 0 3 240 802;
17 638 0 0 0 67 571;
18 41 0 0 0 26 15;
19 32 0 0 3 26 3;
20 21 0 0 0 2 19;
21 86 0 0 0 21 65;
22 5 0 0 0 5 0;
23 5 0 0 0 5 0;
24 4 0 0 0 0 4;
25 1 0 0 0 0 1;
26 1045 0 0 3 240 802;
27 2504 0 0 0 21 2483;
28 3213 0 0 2877 227 109;
29 1148 0 0 945 140 63;
30 0 0 0 0 0 0;
31 2 0 0 0 0 2;
32 2 0 0 0 0 2;
33 2376 0 0 1553 145 678;
34 671 0 0 0 20 651;
35 1705 0 0 1553 125 27;
36 604 0 0 510 74 20;
37 0 0 0 0 0 0;
38 0 0 0 0 0 0;
39 0 0 0 0 0 0;
40 78 0 0 0 0 78;
! 0000 057 02 99 08 1182;
1 1153 1 26 149 735 242;
2 836 1 4 99 617 115;
3 433 0 0 81 288 64;
4 545 0 0 121 338 86;
5 108 0 0 18 79 11;
6 0 0 0 0 0 0;
7 232 0 0 9 188 35;
8 21 0 0 7 0 14;
9 152 0 0 87 42 23;
10 25 0 0 0 23 2;
11 1 0 0 0 0 1;
12 0 0 0 0 0 0;
13 0 0 0 0 0 0;
14 0 0 0 0 0 0;
15 0 0 0 0 0 0;
16 605 0 0 125 400 80;
17 145 0 0 45 88 12;
18 129 0 0 2 92 35;
19 91 0 0 27 62 2;
20 50 0 0 0 49 1;
21 154 0 0 45 85 24;
22 23 0 0 0 21 2;
23 0 0 0 0 0 0;
24 2 0 0 0 0 2;
25 0 0 0 0 0 0;
26 571 0 0 110 387 74;
27 24 0 0 0 13 11;
28 495 0 0 0 387 108;
29 230 0 0 0 166 64;
30 4 0 0 0 4 0;
31 200 0 0 0 165 35;
32 185 0 0 0 150 35;
33 225 0 0 0 184 41;
34 10 0 0 0 2 8;
35 215 0 0 0 182 33;
36 93 0 0 0 67 26;
37 3 0 0 0 3 0;
38 0 0 0 0 0 0;
39 0 0 0 0 0 0;
40 2 0 0 0 0 2;
! 0000 057 02 99 08 1183;
1 511 2 170 5 485 1;
2 152 2 13 5 127 0;
3 23 0 3 1 19 0;
4 197 0 6 1 190 0;
5 6 0 1 0 5 0;
6 0 0 0 0 0 0;
7 36 0 0 0 36 0;
8 12 0 0 0 12 0;
9 124 0 0 0 124 0;
10 1 0 1 0 0 0;
11 1 0 0 0 1 0;
12 0 0 0 0 0 0;
13 0 0 0 0 0 0;
14 0 0 0 0 0 0;
15 0 0 0 0 0 0;
16 211 0 6 0 205 0;
17 34 0 0 0 34 0;
18 12 0 0 0 12 0;
19 12 0 0 0 12 0;
20 127 0 0 0 127 0;
21 4 0 0 0 4 0;
22 1 0 1 0 0 0;
23 0 0 0 0 0 0;
24 2 0 0 0 1 1;
25 0 0 0 0 0 0;
26 170 0 12 2 156 0;
27 126 0 0 0 126 0;
28 506 0 21 0 485 0;
29 475 0 21 0 454 0;
30 0 0 0 0 0 0;
31 159 0 0 0 159 0;
32 159 0 0 0 159 0;
33 190 0 6 0 184 0;
34 28 0 0 0 28 0;
35 162 0 6 0 156 0;
36 139 0 5 0 134 0;
37 0 0 0 0 0 0;
38 0 0 0 0 0 0;
39 0 0 0 0 0 0;
40 0 0 0 0 0 0;
! 0000 057 02 99 08 1184;
1 525 0 3 7 345 170;
2 352 0 0 7 345 0;
3 70 0 0 0 70 0;
4 124 0 0 0 81 43;
5 0 0 0 0 0 0;
6 0 0 0 0 0 0;
7 9 0 0 0 9 0;
8 0 0 0 0 0 0;
9 17 0 0 0 17 0;
10 0 0 0 0 0 0;
11 0 0 0 0 0 0;
12 0 0 0 0 0 0;
13 0 0 0 0 0 0;
14 0 0 0 0 0 0;
15 0 0 0 0 0 0;
16 124 0 0 0 81 43;
17 43 0 0 0 0 43;
18 30 0 0 0 30 0;
19 21 0 0 0 21 0;
20 9 0 0 0 9 0;
21 20 0 0 0 20 0;
22 1 0 0 0 1 0;
23 0 0 0 0 0 0;
24 0 0 0 0 0 0;
25 0 0 0 0 0 0;
26 124 0 0 0 81 43;
27 54 0 0 0 0 54;
28 160 0 0 0 160 0;
29 9 0 0 0 9 0;
30 0 0 0 0 0 0;
31 0 0 0 0 0 0;
32 0 0 0 0 0 0;
33 115 0 0 0 86 29;
34 29 0 0 0 0 29;
35 86 0 0 0 86 0;
36 5 0 0 0 5 0;
37 0 0 0 0 0 0;
38 0 0 0 0 0 0;
39 0 0 0 0 0 0;
40 5 0 0 0 5 0;
! 0000 057 02 99 08 1185;
1 165 0 0 2 145 18;
2 103 0 0 2 101 0;
3 46 0 0 0 46 0;
4 63 0 0 0 58 5;
5 30 0 0 0 30 0;
6 0 0 0 0 0 0;
7 9 0 0 0 9 0;
8 6 0 0 0 6 0;
9 18 0 0 0 13 5;
10 0 0 0 0 0 0;
11 0 0 0 0 0 0;
12 0 0 0 0 0 0;
13 0 0 0 0 0 0;
14 0 0 0 0 0 0;
15 0 0 0 0 0 0;
16 60 0 0 0 55 5;
17 0 0 0 0 0 0;
18 32 0 0 0 32 0;
19 5 0 0 0 5 0;
20 14 0 0 0 9 5;
21 9 0 0 0 9 0;
22 0 0 0 0 0 0;
23 0 0 0 0 0 0;
24 1 0 0 0 0 1;
25 0 0 0 0 0 0;
26 53 0 0 0 41 12;
27 1002 0 0 0 0 1002;
28 1596 0 0 0 463 1133;
29 1596 0 0 0 463 1133;
30 0 0 0 0 0 0;
31 1 0 0 0 0 1;
32 1 0 0 0 0 1;
33 53 0 0 0 9 44;
34 22 0 0 0 0 22;
35 31 0 0 0 9 22;
36 31 0 0 0 9 22;
37 0 0 0 0 0 0;
38 0 0 0 0 0 0;
39 0 0 0 0 0 0;
40 0 0 0 0 0 0;
! 0000 057 02 99 08 1186;
1 1040 0 0 0 603 437;
2 412 0 0 0 412 0;
3 126 0 0 0 126 0;
4 254 0 0 0 152 102;
5 0 0 0 0 0 0;
6 0 0 0 0 0 0;
7 3 0 0 0 0 3;
8 0 0 0 0 0 0;
9 51 0 0 0 9 42;
10 0 0 0 0 0 0;
11 0 0 0 0 0 0;
12 0 0 0 0 0 0;
13 0 0 0 0 0 0;
14 0 0 0 0 0 0;
15 0 0 0 0 0 0;
16 261 0 0 0 159 102;
17 77 0 0 0 13 64;
18 23 0 0 0 23 0;
19 11 0 0 0 11 0;
20 42 0 0 0 4 38;
21 108 0 0 0 108 0;
22 6 0 0 0 6 0;
23 11 0 0 0 11 0;
24 1 0 0 0 0 1;
25 0 0 0 0 0 0;
26 261 0 0 0 159 102;
27 113 0 0 0 16 97;
28 251 0 0 0 182 69;
29 91 0 0 0 33 58;
30 0 0 0 0 0 0;
31 55 0 0 0 0 55;
32 55 0 0 0 0 55;
33 180 0 0 0 91 89;
34 63 0 0 0 5 58;
35 117 0 0 0 86 31;
36 42 0 0 0 16 26;
37 7 0 0 0 7 0;
38 0 0 0 0 0 0;
39 0 0 0 0 0 0;
40 48 0 0 0 7 41;
! 0000 057 02 99 08 1187;
1 4225 0 0 36 3264 925;
2 2492 0 0 46 2353 93;
3 291 0 0 0 198 93;
4 291 0 0 0 198 93;
5 0 0 0 0 0 0;
6 0 0 0 0 0 0;
7 34 0 0 0 23 11;
8 2 0 0 0 0 2;
9 49 0 0 0 19 30;
10 1 0 0 0 1 0;
11 0 0 0 0 0 0;
12 0 0 0 0 0 0;
13 0 0 0 0 0 0;
14 0 0 0 0 0 0;
15 0 0 0 0 0 0;
16 285 0 0 0 232 53;
17 61 0 0 0 44 17;
18 17 0 0 0 16 1;
19 11 0 0 0 11 0;
20 61 0 0 0 30 31;
21 29 0 0 0 28 1;
22 7 0 0 0 7 0;
23 0 0 0 0 0 0;
24 1 0 0 0 0 1;
25 0 0 0 0 0 0;
26 285 0 0 0 232 53;
27 22 0 0 0 1 21;
28 3487 0 0 0 1353 2134;
29 2939 0 0 0 1163 1776;
30 0 0 0 0 0 0;
31 3 0 0 0 0 3;
32 3 0 0 0 0 3;
33 1765 0 0 0 677 1088;
34 22 0 0 0 1 21;
35 1743 0 0 0 676 1067;
36 1469 0 0 0 581 888;
37 1 0 0 0 1 0;
38 0 0 0 0 0 0;
39 0 0 0 0 0 0;
40 60 0 0 0 54 6;
! 0000 057 02 99 08 1188;
1 660 0 0 4 391 265;
2 518 0 0 1 407 110;
3 19 0 0 0 13 6;
4 38 0 0 0 21 17;
5 0 0 0 0 0 0;
6 0 0 0 0 0 0;
7 2 0 0 0 0 2;
8 0 0 0 0 0 0;
9 17 0 0 0 10 7;
10 0 0 0 0 0 0;
11 0 0 0 0 0 0;
12 0 0 0 0 0 0;
13 0 0 0 0 0 0;
14 0 0 0 0 0 0;
15 0 0 0 0 0 0;
16 38 0 0 0 21 17;
17 10 0 0 0 5 5;
18 4 0 0 0 4 0;
19 0 0 0 0 0 0;
20 9 0 0 0 0 9;
21 14 0 0 0 12 2;
22 0 0 0 0 0 0;
23 0 0 0 0 0 0;
24 0 0 0 0 0 0;
25 0 0 0 0 0 0;
26 38 0 0 0 21 17;
27 0 0 0 0 0 0;
28 30 0 0 0 12 18;
29 28 0 0 0 10 18;
30 0 0 0 0 0 0;
31 0 0 0 0 0 0;
32 0 0 0 0 0 0;
33 8 0 0 0 2 6;
34 0 0 0 0 0 0;
35 8 0 0 0 2 6;
36 7 0 0 0 1 6;
37 0 0 0 0 0 0;
38 0 0 0 0 0 0;
39 0 0 0 0 0 0;
40 0 0 0 0 0 0;
! 0000 057 02 99 08 1189;
1 987 2 4 10 971 0;
2 987 2 4 10 971 0;
3 26 0 1 1 24 0;
4 32 0 1 1 30 0;
5 0 0 0 0 0 0;
6 0 0 0 0 0 0;
7 6 0 0 0 6 0;
8 0 0 0 0 0 0;
9 2 0 0 0 2 0;
10 0 0 0 0 0 0;
11 0 0 0 0 0 0;
12 0 0 0 0 0 0;
13 0 0 0 0 0 0;
14 0 0 0 0 0 0;
15 0 0 0 0 0 0;
16 27 0 0 0 27 0;
17 6 0 0 0 6 0;
18 0 0 0 0 0 0;
19 16 0 0 0 16 0;
20 0 0 0 0 0 0;
21 5 0 0 0 5 0;
22 0 0 0 0 0 0;
23 0 0 0 0 0 0;
24 0 0 0 0 0 0;
25 0 0 0 0 0 0;
26 32 0 1 1 30 0;
27 8 0 0 0 8 0;
28 168 0 2 86 80 0;
29 72 0 2 0 70 0;
30 0 0 0 0 0 0;
31 0 0 0 0 0 0;
32 0 0 0 0 0 0;
33 113 0 1 76 36 0;
34 1 0 0 0 1 0;
35 112 0 1 76 35 0;
36 28 0 1 0 27 0;
37 0 0 0 0 0 0;
38 0 0 0 0 0 0;
39 0 0 0 0 0 0;
40 0 0 0 0 0 0;
! 0000 057 02 99 08 1190;
1 60 2 8 2 48 0;
2 60 2 8 2 48 0;
3 50 1 3 2 44 0;
4 50 1 3 2 44 0;
5 0 0 0 0 0 0;
6 0 0 0 0 0 0;
7 0 0 0 0 0 0;
8 0 0 0 0 0 0;
9 0 0 0 0 0 0;
10 0 0 0 0 0 0;
11 0 0 0 0 0 0;
12 0 0 0 0 0 0;
13 0 0 0 0 0 0;
14 0 0 0 0 0 0;
15 0 0 0 0 0 0;
16 44 0 0 0 44 0;
17 2 0 0 0 2 0;
18 16 0 0 0 16 0;
19 9 0 0 0 9 0;
20 13 0 0 0 13 0;
21 4 0 0 0 4 0;
22 6 0 1 0 5 0;
23 6 0 1 0 5 0;
24 0 0 0 0 0 0;
25 0 0 0 0 0 0;
26 48 0 4 0 44 0;
27 300 0 0 0 0 300;
28 100 0 0 0 90 10;
29 100 0 0 0 90 10;
30 0 0 0 0 0 0;
31 0 0 0 0 0 0;
32 0 0 0 0 0 0;
33 102 0 0 0 27 75;
34 70 0 0 0 0 70;
35 32 0 0 0 27 5;
36 32 0 0 0 27 5;
37 0 0 0 0 0 0;
38 0 0 0 0 0 0;
39 0 0 0 0 0 0;
40 0 0 0 0 0 0;
! 0000 057 02 99 08 1191;
1 93 0 2 3 66 22;
2 71 0 2 3 66 0;
3 56 0 0 2 54 0;
4 70 0 0 2 54 14;
5 6 0 0 2 4 0;
6 0 0 0 0 0 0;
7 11 0 0 0 11 0;
8 0 0 0 0 0 0;
9 53 0 0 0 39 14;
10 0 0 0 0 0 0;
11 0 0 0 0 0 0;
12 0 0 0 0 0 0;
13 0 0 0 0 0 0;
14 0 0 0 0 0 0;
15 0 0 0 0 0 0;
16 69 0 0 1 54 14;
17 11 0 0 0 11 0;
18 0 0 0 0 0 0;
19 5 0 0 1 4 0;
20 53 0 0 0 39 14;
21 0 0 0 0 0 0;
22 2 0 0 0 2 0;
23 0 0 0 0 0 0;
24 1 0 0 0 0 1;
25 0 0 0 0 0 0;
26 69 0 0 1 54 14;
27 17 0 0 0 0 17;
28 23 0 0 0 12 11;
29 19 0 0 0 9 10;
30 0 0 0 0 0 0;
31 7 0 0 0 0 7;
32 7 0 0 0 0 7;
33 20 0 0 0 8 12;
34 5 0 0 0 0 5;
35 15 0 0 0 8 7;
36 4 0 0 0 2 2;
37 0 0 0 0 0 0;
38 0 0 0 0 0 0;
39 0 0 0 0 0 0;
40 0 0 0 0 0 0;
! 0000 057 02 99 08 1192;
1 4088 3 28 180 2540 1337;
2 1664 3 11 38 1315 297;
3 216 0 0 1 125 90;
4 287 0 0 1 142 144;
5 0 0 0 0 0 0;
6 0 0 0 0 0 0;
7 32 0 0 0 4 28;
8 65 0 0 0 23 42;
9 31 0 0 0 12 19;
10 0 0 0 0 0 0;
11 13 0 0 0 0 13;
12 0 0 0 0 0 0;
13 0 0 0 0 0 0;
14 0 0 0 0 0 0;
15 0 0 0 0 0 0;
16 268 0 0 0 146 122;
17 182 0 0 0 124 58;
18 4 0 0 0 1 3;
19 13 0 0 0 8 5;
20 7 0 0 0 0 7;
21 62 0 0 0 13 49;
22 0 0 0 0 0 0;
23 0 0 0 0 0 0;
24 4 0 0 0 0 4;
25 0 0 0 0 0 0;
26 268 0 0 0 139 129;
27 140 0 0 0 0 140;
28 3695 0 0 0 0 3695;
29 3695 0 0 0 0 3695;
30 140 0 0 0 0 140;
31 20 0 0 0 0 20;
32 20 0 0 0 0 20;
33 2060 0 0 0 0 2060;
34 65 0 0 0 0 65;
35 1995 0 0 0 0 1995;
36 1995 0 0 0 0 1995;
37 0 0 0 0 0 0;
38 0 0 0 0 0 0;
39 0 0 0 0 0 0;
40 13 0 0 0 0 13;
! 0000 057 02 99 08 1193;
1 210 0 0 40 170 0;
2 35 0 0 11 24 0;
3 0 0 0 0 0 0;
4 98 0 0 37 61 0;
5 0 0 0 0 0 0;
6 0 0 0 0 0 0;
7 4 0 0 0 4 0;
8 0 0 0 0 0 0;
9 3 0 0 0 3 0;
10 0 0 0 0 0 0;
11 0 0 0 0 0 0;
12 0 0 0 0 0 0;
13 0 0 0 0 0 0;
14 0 0 0 0 0 0;
15 0 0 0 0 0 0;
16 98 0 0 37 61 0;
17 1 0 0 0 1 0;
18 0 0 0 0 0 0;
19 42 0 0 14 28 0;
20 5 0 0 0 5 0;
21 45 0 0 18 27 0;
22 0 0 0 0 0 0;
23 0 0 0 0 0 0;
24 0 0 0 0 0 0;
25 0 0 0 0 0 0;
26 98 0 0 37 61 0;
27 250 0 0 10 240 0;
28 30 0 0 10 20 0;
29 6 0 0 2 4 0;
30 0 0 0 0 0 0;
31 0 0 0 0 0 0;
32 0 0 0 0 0 0;
33 200 0 0 50 150 0;
34 105 0 0 20 85 0;
35 95 0 0 30 65 0;
36 4 0 0 1 3 0;
37 0 0 0 0 0 0;
38 0 0 0 0 0 0;
39 0 0 0 0 0 0;
40 0 0 0 0 0 0;
! 0000 057 02 99 08 1194;
1 578 0 6 59 484 29;
2 425 0 6 59 358 2;
3 131 0 0 3 127 1;
4 137 0 0 3 131 3;
5 0 0 0 0 0 0;
6 0 0 0 0 0 0;
7 4 0 0 0 3 1;
8 1 0 0 0 1 0;
9 6 0 0 0 6 0;
10 0 0 0 0 0 0;
11 0 0 0 0 0 0;
12 0 0 0 0 0 0;
13 0 0 0 0 0 0;
14 0 0 0 0 0 0;
15 0 0 0 0 0 0;
16 137 0 0 3 131 3;
17 25 0 0 1 24 0;
18 34 0 0 1 32 1;
19 31 0 0 0 30 1;
20 8 0 0 1 7 0;
21 39 0 0 0 38 1;
22 4 0 0 0 4 0;
23 1 0 0 0 1 0;
24 1 0 0 0 0 1;
25 0 0 0 0 0 0;
26 132 0 0 3 126 3;
27 33 0 0 0 0 33;
28 331 0 0 0 321 10;
29 288 0 0 0 278 10;
30 0 0 0 0 0 0;
31 10 0 0 0 0 10;
32 10 0 0 0 0 10;
33 128 0 0 0 113 15;
34 11 0 0 0 0 11;
35 117 0 0 0 113 4;
36 95 0 0 0 91 4;
37 0 0 0 0 0 0;
38 0 0 0 0 0 0;
39 0 0 0 0 0 0;
40 0 0 0 0 0 0;
! 0000 057 02 99 08 1195;
1 562 1 0 3 328 230;
2 353 1 0 3 286 63;
3 101 0 0 2 41 58;
4 258 0 0 2 88 168;
5 9 0 0 1 0 8;
6 0 0 0 0 0 0;
7 116 0 0 0 5 111;
8 0 0 0 0 0 0;
9 2 0 0 0 1 1;
10 0 0 0 0 0 0;
11 0 0 0 0 0 0;
12 0 0 0 0 0 0;
13 0 0 0 0 0 0;
14 0 0 0 0 0 0;
15 0 0 0 0 0 0;
16 272 0 0 2 90 180;
17 198 0 0 0 53 145;
18 65 0 0 1 32 32;
19 7 0 0 1 3 3;
20 0 0 0 0 0 0;
21 2 0 0 0 2 0;
22 1 0 0 0 1 0;
23 1 0 0 0 1 0;
24 0 0 0 0 0 0;
25 0 0 0 0 0 0;
26 198 0 0 2 51 145;
27 108 0 0 0 10 98;
28 9 0 0 4 5 0;
29 8 0 0 4 4 0;
30 0 0 0 0 0 0;
31 0 0 0 0 0 0;
32 0 0 0 0 0 0;
33 43 0 0 2 7 34;
34 38 0 0 0 4 34;
35 5 0 0 2 3 0;
36 4 0 0 2 2 0;
37 0 0 0 0 0 0;
38 0 0 0 0 0 0;
39 0 0 0 0 0 0;
40 9 0 0 0 3 6;
! 0000 057 02 99 08 1197;
1 850 0 0 2 250 598;
2 230 0 0 2 50 178;
3 120 0 0 0 15 105;
4 470 0 0 0 120 350;
5 2 0 0 0 0 2;
6 0 0 0 0 0 0;
7 4 0 0 0 4 0;
8 0 0 0 0 0 0;
9 55 0 0 0 0 55;
10 0 0 0 0 0 0;
11 0 0 0 0 0 0;
12 0 0 0 0 0 0;
13 0 0 0 0 0 0;
14 0 0 0 0 0 0;
15 0 0 0 0 0 0;
16 490 0 0 0 210 280;
17 110 0 0 0 30 80;
18 10 0 0 0 0 10;
19 8 0 0 0 0 8;
20 10 0 0 0 0 10;
21 14 0 0 0 14 0;
22 0 0 0 0 0 0;
23 0 0 0 0 0 0;
24 0 0 0 0 0 0;
25 0 0 0 0 0 0;
26 490 0 0 0 210 280;
27 23 0 0 0 0 23;
28 410 0 0 0 0 410;
29 70 0 0 0 0 70;
30 0 0 0 0 0 0;
31 70 0 0 0 0 70;
32 70 0 0 0 0 70;
33 90 0 0 0 0 90;
34 15 0 0 0 0 15;
35 75 0 0 0 0 75;
36 30 0 0 0 0 30;
37 0 0 0 0 0 0;
38 0 0 0 0 0 0;
39 0 0 0 0 0 0;
40 90 0 0 0 0 90;
! 0000 057 02 99 08 1198;
1 699 0 3 5 688 4;
2 695 0 2 5 688 0;
3 133 0 0 2 131 0;
4 133 0 0 2 131 0;
5 65 0 0 2 63 0;
6 0 0 0 0 0 0;
7 33 0 0 0 33 0;
8 9 0 0 0 9 0;
9 26 0 0 0 26 0;
10 0 0 0 0 0 0;
11 0 0 0 0 0 0;
12 0 0 0 0 0 0;
13 0 0 0 0 0 0;
14 0 0 0 0 0 0;
15 0 0 0 0 0 0;
16 133 0 0 2 131 0;
17 37 0 0 0 37 0;
18 23 0 0 0 23 0;
19 37 0 0 2 35 0;
20 8 0 0 0 8 0;
21 28 0 0 0 28 0;
22 2 0 0 0 2 0;
23 0 0 0 0 0 0;
24 0 0 0 0 0 0;
25 0 0 0 0 0 0;
26 133 0 0 2 131 0;
27 367 0 0 0 367 0;
28 1044 0 0 0 1044 0;
29 600 0 0 0 600 0;
30 0 0 0 0 0 0;
31 0 0 0 0 0 0;
32 0 0 0 0 0 0;
33 942 0 0 0 942 0;
34 227 0 0 0 227 0;
35 715 0 0 0 715 0;
36 396 0 0 0 396 0;
37 0 0 0 0 0 0;
38 0 0 0 0 0 0;
39 0 0 0 0 0 0;
40 0 0 0 0 0 0;
! 0000 057 02 99 08 1199;
1 121 0 0 0 89 40;
2 45 0 0 0 35 10;
3 16 0 0 0 9 7;
4 19 0 0 0 10 9;
5 0 0 0 0 0 0;
6 0 0 0 0 0 0;
7 2 0 0 0 1 1;
8 0 0 0 0 0 0;
9 1 0 0 0 0 1;
10 0 0 0 0 0 0;
11 0 0 0 0 0 0;
12 0 0 0 0 0 0;
13 0 0 0 0 0 0;
14 0 0 0 0 0 0;
15 0 0 0 0 0 0;
16 19 0 0 0 10 9;
17 2 0 0 0 1 1;
18 0 0 0 0 0 0;
19 1 0 0 0 1 0;
20 1 0 0 0 0 1;
21 6 0 0 0 6 0;
22 0 0 0 0 0 0;
23 0 0 0 0 0 0;
24 2 0 0 0 0 2;
25 0 0 0 0 0 0;
26 17 0 0 0 10 7;
27 1 0 0 0 0 1;
28 40 0 0 0 1 39;
29 38 0 0 0 0 38;
30 0 0 0 0 0 0;
31 25 0 0 0 0 25;
32 25 0 0 0 0 25;
33 25 0 0 0 1 24;
34 1 0 0 0 0 1;
35 24 0 0 0 1 23;
36 23 0 0 0 0 23;
37 0 0 0 0 0 0;
38 0 0 0 0 0 0;
39 0 0 0 0 0 0;
40 0 0 0 0 0 0;
! 0000 057 03 99 08 0104;
1 0 0 0;
2 0 0 0;
3 0 0 0;
4 0 0 0;
! 0000 057 03 99 08 0105;
1 0 0 0;
2 0 0 0;
3 0 0 0;
4 0 0 0;
! 0000 057 03 99 08 0111;
1 0 0 0;
2 0 0 0;
3 0 0 0;
4 0 0 0;
! 0000 057 03 99 08 0125;
1 50 45 45;
2 0 0 0;
3 50 45 45;
4 0 0 0;
! 0000 057 03 99 08 0130;
1 0 0 0;
2 0 0 0;
3 0 0 0;
4 0 0 0;
! 0000 057 03 99 08 0157;
1 0 0 0;
2 0 0 0;
3 0 0 0;
4 0 0 0;
! 0000 057 03 99 08 0171;
1 25 578 426;
2 0 0 0;
3 25 578 426;
4 0 0 0;
! 0000 057 03 99 08 0172;
1 0 0 0;
2 0 0 0;
3 0 0 0;
4 0 0 0;
! 0000 057 03 99 08 0176;
1 0 0 0;
2 0 0 0;
3 0 0 0;
4 0 0 0;
! 0000 057 03 99 08 0504;
1 65 149 18;
2 17 99 4;
3 48 50 14;
4 29 1 1;
! 0000 057 03 99 08 0511;
1 62 73 36;
2 2 0 0;
3 60 73 36;
4 0 0 0;
! 0000 057 03 99 08 0525;
1 320 68 13;
2 320 0 0;
3 0 68 13;
4 162 0 0;
! 0000 057 03 99 08 0530;
1 0 0 0;
2 0 0 0;
3 0 0 0;
4 0 0 0;
! 0000 057 03 99 08 0557;
1 45 173 12;
2 0 0 0;
3 45 173 12;
4 0 0 0;
! 0000 057 03 99 08 0571;
1 32 1072 1072;
2 0 0 0;
3 32 1072 1072;
4 0 0 0;
! 0000 057 03 99 08 0576;
1 323 169 152;
2 24 15 11;
3 299 154 141;
4 12 6 6;
! 0000 057 03 99 08 1100;
1 11684 31123 26474;
2 7182 16359 16004;
3 4502 14764 10470;
4 2054 4585 3343;
! 0000 057 03 99 08 1101;
1 180 433 40;
2 88 82 21;
3 92 351 19;
4 19 26 8;
! 0000 057 03 99 08 1103;
1 0 119 76;
2 0 84 45;
3 0 35 31;
4 0 41 24;
! 0000 057 03 99 08 1104;
1 65 149 18;
2 17 99 4;
3 48 50 14;
4 29 1 1;
! 0000 057 03 99 08 1105;
1 153 535 453;
2 149 159 159;
3 4 376 294;
4 89 207 207;
! 0000 057 03 99 08 1107;
1 1800 2240 2240;
2 0 0 0;
3 1800 2240 2240;
4 0 0 0;
! 0000 057 03 99 08 1108;
1 0 0 0;
2 0 0 0;
3 0 0 0;
4 0 0 0;
! 0000 057 03 99 08 1110;
1 0 2477 2418;
2 0 0 0;
3 0 2477 2418;
4 0 0 0;
! 0000 057 03 99 08 1111;
1 62 73 36;
2 2 0 0;
3 60 73 36;
4 0 0 0;
! 0000 057 03 99 08 1112;
1 0 0 0;
2 0 0 0;
3 0 0 0;
4 0 0 0;
! 0000 057 03 99 08 1114;
1 0 6 3;
2 0 6 3;
3 0 0 0;
4 0 3 2;
! 0000 057 03 99 08 1115;
1 0 3 3;
2 0 0 0;
3 0 3 3;
4 0 0 0;
! 0000 057 03 99 08 1117;
1 0 1100 1100;
2 0 1050 1050;
3 0 50 50;
4 0 315 315;
! 0000 057 03 99 08 1118;
1 1 346 21;
2 0 6 4;
3 1 340 17;
4 0 0 0;
! 0000 057 03 99 08 1119;
1 130 30 26;
2 130 26 26;
3 0 4 0;
4 6 1 1;
! 0000 057 03 99 08 1120;
1 2 391 320;
2 0 0 0;
3 2 391 320;
4 0 0 0;
! 0000 057 03 99 08 1122;
1 2 729 416;
2 0 22 22;
3 2 707 394;
4 0 2012 1720;
! 0000 057 03 99 08 1124;
1 0 591 148;
2 0 0 0;
3 0 591 148;
4 0 0 0;
! 0000 057 03 99 08 1125;
1 370 113 58;
2 320 0 0;
3 50 113 58;
4 162 0 0;
! 0000 057 03 99 08 1127;
1 0 0 0;
2 0 0 0;
3 0 0 0;
4 0 0 0;
! 0000 057 03 99 08 1128;
1 0 30 20;
2 0 13 13;
3 0 17 7;
4 0 5 5;
! 0000 057 03 99 08 1129;
1 0 0 0;
2 0 0 0;
3 0 0 0;
4 0 0 0;
! 0000 057 03 99 08 1130;
1 0 0 0;
2 0 0 0;
3 0 0 0;
4 0 0 0;
! 0000 057 03 99 08 1132;
1 0 319 319;
2 0 42 42;
3 0 277 277;
4 0 12 12;
! 0000 057 03 99 08 1133;
1 24 103 72;
2 2 19 5;
3 22 84 67;
4 1 10 2;
! 0000 057 03 99 08 1134;
1 120 538 538;
2 120 532 532;
3 0 6 6;
4 52 160 160;
! 0000 057 03 99 08 1136;
1 244 302 172;
2 223 150 117;
3 21 152 55;
4 391 22 16;
! 0000 057 03 99 08 1137;
1 120 14 14;
2 0 0 0;
3 120 14 14;
4 0 0 0;
! 0000 057 03 99 08 1138;
1 0 0 0;
2 0 0 0;
3 0 0 0;
4 0 0 0;
! 0000 057 03 99 08 1140;
1 137 346 238;
2 2 77 59;
3 135 269 179;
4 1 128 29;
! 0000 057 03 99 08 1141;
1 20 4 2;
2 0 0 0;
3 20 4 2;
4 12 0 0;
! 0000 057 03 99 08 1142;
1 12 64 64;
2 12 25 25;
3 0 39 39;
4 7 12 12;
! 0000 057 03 99 08 1144;
1 0 0 0;
2 0 0 0;
3 0 0 0;
4 0 0 0;
! 0000 057 03 99 08 1145;
1 0 4798 4789;
2 0 4579 4570;
3 0 219 219;
4 0 129 123;
! 0000 057 03 99 08 1146;
1 47 144 139;
2 0 101 98;
3 47 43 41;
4 0 16 16;
! 0000 057 03 99 08 1147;
1 0 46 15;
2 0 4 0;
3 0 42 15;
4 0 2 0;
! 0000 057 03 99 08 1149;
1 0 4 0;
2 0 0 0;
3 0 4 0;
4 0 0 0;
! 0000 057 03 99 08 1150;
1 3011 54 13;
2 3002 0 0;
3 9 54 13;
4 1050 0 0;
! 0000 057 03 99 08 1152;
1 0 0 0;
2 0 0 0;
3 0 0 0;
4 0 0 0;
! 0000 057 03 99 08 1153;
1 41 504 43;
2 0 0 0;
3 41 504 43;
4 0 0 0;
! 0000 057 03 99 08 1154;
1 0 0 0;
2 0 0 0;
3 0 0 0;
4 0 0 0;
! 0000 057 03 99 08 1156;
1 0 3 3;
2 0 0 0;
3 0 3 3;
4 0 0 0;
! 0000 057 03 99 08 1157;
1 45 173 12;
2 0 0 0;
3 45 173 12;
4 0 0 0;
! 0000 057 03 99 08 1158;
1 25 214 71;
2 19 12 12;
3 6 202 59;
4 0 1 1;
! 0000 057 03 99 08 1160;
1 2489 384 172;
2 2489 191 144;
3 0 193 28;
4 0 204 190;
! 0000 057 03 99 08 1161;
1 0 6 4;
2 0 0 0;
3 0 6 4;
4 0 0 0;
! 0000 057 03 99 08 1163;
1 0 4 3;
2 0 0 0;
3 0 4 3;
4 0 0 0;
! 0000 057 03 99 08 1164;
1 0 0 0;
2 0 0 0;
3 0 0 0;
4 0 0 0;
! 0000 057 03 99 08 1165;
1 456 868 690;
2 290 392 390;
3 166 476 300;
4 120 157 156;
! 0000 057 03 99 08 1166;
1 0 31 17;
2 0 21 12;
3 0 10 5;
4 0 17 17;
! 0000 057 03 99 08 1168;
1 0 0 0;
2 0 0 0;
3 0 0 0;
4 0 0 0;
! 0000 057 03 99 08 1169;
1 16 318 154;
2 8 1 1;
3 8 317 153;
4 5 1 1;
! 0000 057 03 99 08 1170;
1 84 34 3;
2 84 1 0;
3 0 33 3;
4 42 0 0;
! 0000 057 03 99 08 1171;
1 57 1650 1498;
2 0 0 0;
3 57 1650 1498;
4 0 0 0;
! 0000 057 03 99 08 1173;
1 70 139 139;
2 0 0 0;
3 70 139 139;
4 0 0 0;
! 0000 057 03 99 08 1174;
1 0 0 0;
2 0 0 0;
3 0 0 0;
4 0 0 0;
! 0000 057 03 99 08 1175;
1 55 136 118;
2 10 49 49;
3 45 87 69;
4 0 31 31;
! 0000 057 03 99 08 1176;
1 323 169 152;
2 24 15 11;
3 299 154 141;
4 12 6 6;
! 0000 057 03 99 08 1177;
1 0 0 0;
2 0 0 0;
3 0 0 0;
4 0 0 0;
! 0000 057 03 99 08 1178;
1 147 315 286;
2 96 178 178;
3 51 137 108;
4 3 85 85;
! 0000 057 03 99 08 1179;
1 0 18 18;
2 0 0 0;
3 0 18 18;
4 0 0 0;
! 0000 057 03 99 08 1180;
1 8 1098 660;
2 0 66 66;
3 8 1032 594;
4 0 96 96;
! 0000 057 03 99 08 1181;
1 1082 25 15;
2 0 0 0;
3 1082 25 15;
4 0 0 0;
! 0000 057 03 99 08 1182;
1 4 32 32;
2 4 0 0;
3 0 32 32;
4 18 776 0;
! 0000 057 03 99 08 1183;
1 90 246 237;
2 90 246 237;
3 0 0 0;
4 20 41 40;
! 0000 057 03 99 08 1184;
1 0 0 0;
2 0 0 0;
3 0 0 0;
4 0 0 0;
! 0000 057 03 99 08 1185;
1 0 0 0;
2 0 0 0;
3 0 0 0;
4 0 0 0;
! 0000 057 03 99 08 1186;
1 3 4 0;
2 0 0 0;
3 3 4 0;
4 0 11 11;
! 0000 057 03 99 08 1187;
1 0 68 68;
2 0 48 48;
3 0 20 20;
4 0 6 6;
! 0000 057 03 99 08 1188;
1 0 3 3;
2 0 3 3;
3 0 0 0;
4 0 2 2;
! 0000 057 03 99 08 1189;
1 0 0 0;
2 0 0 0;
3 0 0 0;
4 0 0 0;
! 0000 057 03 99 08 1190;
1 0 12 12;
2 0 0 0;
3 0 12 12;
4 0 0 0;
! 0000 057 03 99 08 1191;
1 0 0 0;
2 0 0 0;
3 0 0 0;
4 0 0 0;
! 0000 057 03 99 08 1192;
1 0 80 80;
2 0 18 18;
3 0 62 62;
4 0 9 9;
! 0000 057 03 99 08 1193;
1 0 0 0;
2 0 0 0;
3 0 0 0;
4 0 0 0;
! 0000 057 03 99 08 1194;
1 0 16 15;
2 0 0 0;
3 0 16 15;
4 0 0 0;
! 0000 057 03 99 08 1195;
1 28 0 0;
2 0 0 0;
3 28 0 0;
4 0 0 0;
! 0000 057 03 99 08 1197;
1 0 0 0;
2 0 0 0;
3 0 0 0;
4 0 0 0;
! 0000 057 03 99 08 1198;
1 18 163 76;
2 0 4 4;
3 18 159 72;
4 0 0 0;
! 0000 057 03 99 08 1199;
1 0 15 15;
2 0 0 0;
3 0 15 15;
4 0 0 0;
